1, 0.000000e+00, 8.000000e+01, 8.000000e+01, 0.000000e+00, -9.000000e+01, 9.000000e+01 
2, 0.000000e+00, 8.000000e+01, 8.000000e+01, 0.000000e+00, -8.955000e+01, 9.045000e+01 
3, 0.000000e+00, 8.000000e+01, 8.000000e+01, 0.000000e+00, -8.910000e+01, 9.090000e+01 
4, 0.000000e+00, 8.000000e+01, 8.000000e+01, 0.000000e+00, -8.865000e+01, 9.135000e+01 
5, 0.000000e+00, 8.000000e+01, 8.000000e+01, 0.000000e+00, -8.820000e+01, 9.180000e+01 
6, 0.000000e+00, 8.000000e+01, 8.000000e+01, 0.000000e+00, -8.775000e+01, 9.225000e+01 
7, 0.000000e+00, 8.000000e+01, 8.000000e+01, 0.000000e+00, -8.730000e+01, 9.270000e+01 
8, 0.000000e+00, 8.000000e+01, 8.000000e+01, 0.000000e+00, -8.685000e+01, 9.315000e+01 
9, 0.000000e+00, 8.000000e+01, 8.000000e+01, 0.000000e+00, -8.640000e+01, 9.360000e+01 
10, 0.000000e+00, 8.000000e+01, 8.000000e+01, 0.000000e+00, -8.595000e+01, 9.405000e+01 
11, 0.000000e+00, 8.000000e+01, 8.000000e+01, 0.000000e+00, -8.550000e+01, 9.450000e+01 
12, 0.000000e+00, 8.000000e+01, 8.000000e+01, 0.000000e+00, -8.505000e+01, 9.495000e+01 
13, 0.000000e+00, 8.000000e+01, 8.000000e+01, 0.000000e+00, -8.460000e+01, 9.540000e+01 
14, 0.000000e+00, 8.000000e+01, 8.000000e+01, 0.000000e+00, -8.415000e+01, 9.585000e+01 
15, 0.000000e+00, 8.000000e+01, 8.000000e+01, 0.000000e+00, -8.370000e+01, 9.630000e+01 
16, 0.000000e+00, 8.000000e+01, 8.000000e+01, 0.000000e+00, -8.325000e+01, 9.675000e+01 
17, 0.000000e+00, 8.000000e+01, 8.000000e+01, 0.000000e+00, -8.280000e+01, 9.720000e+01 
18, 0.000000e+00, 8.000000e+01, 8.000000e+01, 0.000000e+00, -8.235000e+01, 9.765000e+01 
19, 0.000000e+00, 8.000000e+01, 8.000000e+01, 0.000000e+00, -8.190000e+01, 9.810000e+01 
20, 0.000000e+00, 8.000000e+01, 8.000000e+01, 0.000000e+00, -8.145000e+01, 9.855000e+01 
21, 0.000000e+00, 8.000000e+01, 8.000000e+01, 0.000000e+00, -8.100000e+01, 9.900000e+01 
22, 0.000000e+00, 8.000000e+01, 8.000000e+01, 0.000000e+00, -8.055000e+01, 9.945000e+01 
23, 0.000000e+00, 8.000000e+01, 8.000000e+01, 0.000000e+00, -8.010000e+01, 9.990000e+01 
24, 0.000000e+00, 8.000000e+01, 8.000000e+01, 0.000000e+00, -7.965000e+01, 1.003500e+02 
25, 0.000000e+00, 8.000000e+01, 8.000000e+01, 0.000000e+00, -7.920000e+01, 1.008000e+02 
26, 0.000000e+00, 8.000000e+01, 8.000000e+01, 0.000000e+00, -7.875000e+01, 1.012500e+02 
27, 0.000000e+00, 8.000000e+01, 8.000000e+01, 0.000000e+00, -7.830000e+01, 1.017000e+02 
28, 0.000000e+00, 8.000000e+01, 8.000000e+01, 0.000000e+00, -7.785000e+01, 1.021500e+02 
29, 0.000000e+00, 8.000000e+01, 8.000000e+01, 0.000000e+00, -7.740000e+01, 1.026000e+02 
30, 0.000000e+00, 8.000000e+01, 8.000000e+01, 0.000000e+00, -7.695000e+01, 1.030500e+02 
31, 0.000000e+00, 8.000000e+01, 8.000000e+01, 0.000000e+00, -7.650000e+01, 1.035000e+02 
32, 0.000000e+00, 8.000000e+01, 8.000000e+01, 0.000000e+00, -7.605000e+01, 1.039500e+02 
33, 0.000000e+00, 8.000000e+01, 8.000000e+01, 0.000000e+00, -7.560000e+01, 1.044000e+02 
34, 0.000000e+00, 8.000000e+01, 8.000000e+01, 0.000000e+00, -7.515000e+01, 1.048500e+02 
35, 0.000000e+00, 8.000000e+01, 8.000000e+01, 0.000000e+00, -7.470000e+01, 1.053000e+02 
36, 0.000000e+00, 8.000000e+01, 8.000000e+01, 0.000000e+00, -7.425000e+01, 1.057500e+02 
37, 0.000000e+00, 8.000000e+01, 8.000000e+01, 0.000000e+00, -7.380000e+01, 1.062000e+02 
38, 0.000000e+00, 8.000000e+01, 8.000000e+01, 0.000000e+00, -7.335000e+01, 1.066500e+02 
39, 0.000000e+00, 8.000000e+01, 8.000000e+01, 0.000000e+00, -7.290000e+01, 1.071000e+02 
40, 0.000000e+00, 8.000000e+01, 8.000000e+01, 0.000000e+00, -7.245000e+01, 1.075500e+02 
41, 0.000000e+00, 8.000000e+01, 8.000000e+01, 0.000000e+00, -7.200000e+01, 1.080000e+02 
42, 0.000000e+00, 8.000000e+01, 8.000000e+01, 0.000000e+00, -7.155000e+01, 1.084500e+02 
43, 0.000000e+00, 8.000000e+01, 8.000000e+01, 0.000000e+00, -7.110000e+01, 1.089000e+02 
44, 0.000000e+00, 8.000000e+01, 8.000000e+01, 0.000000e+00, -7.065000e+01, 1.093500e+02 
45, 0.000000e+00, 8.000000e+01, 8.000000e+01, 0.000000e+00, -7.020000e+01, 1.098000e+02 
46, 0.000000e+00, 8.000000e+01, 8.000000e+01, 0.000000e+00, -6.975000e+01, 1.102500e+02 
47, 0.000000e+00, 8.000000e+01, 8.000000e+01, 0.000000e+00, -6.930000e+01, 1.107000e+02 
48, 0.000000e+00, 8.000000e+01, 8.000000e+01, 0.000000e+00, -6.885000e+01, 1.111500e+02 
49, 0.000000e+00, 8.000000e+01, 8.000000e+01, 0.000000e+00, -6.840000e+01, 1.116000e+02 
50, 0.000000e+00, 8.000000e+01, 8.000000e+01, 0.000000e+00, -6.795000e+01, 1.120500e+02 
51, 0.000000e+00, 8.000000e+01, 8.000000e+01, 0.000000e+00, -6.750000e+01, 1.125000e+02 
52, 0.000000e+00, 8.000000e+01, 8.000000e+01, 0.000000e+00, -6.705000e+01, 1.129500e+02 
53, 0.000000e+00, 8.000000e+01, 8.000000e+01, 0.000000e+00, -6.660000e+01, 1.134000e+02 
54, 0.000000e+00, 8.000000e+01, 8.000000e+01, 0.000000e+00, -6.615000e+01, 1.138500e+02 
55, 0.000000e+00, 8.000000e+01, 8.000000e+01, 0.000000e+00, -6.570000e+01, 1.143000e+02 
56, 0.000000e+00, 8.000000e+01, 8.000000e+01, 0.000000e+00, -6.525000e+01, 1.147500e+02 
57, 0.000000e+00, 8.000000e+01, 8.000000e+01, 0.000000e+00, -6.480000e+01, 1.152000e+02 
58, 0.000000e+00, 8.000000e+01, 8.000000e+01, 0.000000e+00, -6.435000e+01, 1.156500e+02 
59, 0.000000e+00, 8.000000e+01, 8.000000e+01, 0.000000e+00, -6.390000e+01, 1.161000e+02 
60, 0.000000e+00, 8.000000e+01, 8.000000e+01, 0.000000e+00, -6.345000e+01, 1.165500e+02 
61, 0.000000e+00, 8.000000e+01, 8.000000e+01, 0.000000e+00, -6.300000e+01, 1.170000e+02 
62, 0.000000e+00, 8.000000e+01, 8.000000e+01, 0.000000e+00, -6.255000e+01, 1.174500e+02 
63, 0.000000e+00, 8.000000e+01, 8.000000e+01, 0.000000e+00, -6.210000e+01, 1.179000e+02 
64, 0.000000e+00, 8.000000e+01, 8.000000e+01, 0.000000e+00, -6.165000e+01, 1.183500e+02 
65, 0.000000e+00, 8.000000e+01, 8.000000e+01, 0.000000e+00, -6.120000e+01, 1.188000e+02 
66, 0.000000e+00, 8.000000e+01, 8.000000e+01, 0.000000e+00, -6.075000e+01, 1.192500e+02 
67, 0.000000e+00, 8.000000e+01, 8.000000e+01, 0.000000e+00, -6.030000e+01, 1.197000e+02 
68, 0.000000e+00, 8.000000e+01, 8.000000e+01, 0.000000e+00, -5.985000e+01, 1.201500e+02 
69, 0.000000e+00, 8.000000e+01, 8.000000e+01, 0.000000e+00, -5.940000e+01, 1.206000e+02 
70, 0.000000e+00, 8.000000e+01, 8.000000e+01, 0.000000e+00, -5.895000e+01, 1.210500e+02 
71, 0.000000e+00, 8.000000e+01, 8.000000e+01, 0.000000e+00, -5.850000e+01, 1.215000e+02 
72, 0.000000e+00, 8.000000e+01, 8.000000e+01, 0.000000e+00, -5.805000e+01, 1.219500e+02 
73, 0.000000e+00, 8.000000e+01, 8.000000e+01, 0.000000e+00, -5.760000e+01, 1.224000e+02 
74, 0.000000e+00, 8.000000e+01, 8.000000e+01, 0.000000e+00, -5.715000e+01, 1.228500e+02 
75, 0.000000e+00, 8.000000e+01, 8.000000e+01, 0.000000e+00, -5.670000e+01, 1.233000e+02 
76, 0.000000e+00, 8.000000e+01, 8.000000e+01, 0.000000e+00, -5.625000e+01, 1.237500e+02 
77, 0.000000e+00, 8.000000e+01, 8.000000e+01, 0.000000e+00, -5.580000e+01, 1.242000e+02 
78, 0.000000e+00, 8.000000e+01, 8.000000e+01, 0.000000e+00, -5.535000e+01, 1.246500e+02 
79, 0.000000e+00, 8.000000e+01, 8.000000e+01, 0.000000e+00, -5.490000e+01, 1.251000e+02 
80, 0.000000e+00, 8.000000e+01, 8.000000e+01, 0.000000e+00, -5.445000e+01, 1.255500e+02 
81, 0.000000e+00, 8.000000e+01, 8.000000e+01, 0.000000e+00, -5.400000e+01, 1.260000e+02 
82, 0.000000e+00, 8.000000e+01, 8.000000e+01, 0.000000e+00, -5.355000e+01, 1.264500e+02 
83, 0.000000e+00, 8.000000e+01, 8.000000e+01, 0.000000e+00, -5.310000e+01, 1.269000e+02 
84, 0.000000e+00, 8.000000e+01, 8.000000e+01, 0.000000e+00, -5.265000e+01, 1.273500e+02 
85, 0.000000e+00, 8.000000e+01, 8.000000e+01, 0.000000e+00, -5.220000e+01, 1.278000e+02 
86, 0.000000e+00, 8.000000e+01, 8.000000e+01, 0.000000e+00, -5.175000e+01, 1.282500e+02 
87, 0.000000e+00, 8.000000e+01, 8.000000e+01, 0.000000e+00, -5.130000e+01, 1.287000e+02 
88, 0.000000e+00, 8.000000e+01, 8.000000e+01, 0.000000e+00, -5.085000e+01, 1.291500e+02 
89, 0.000000e+00, 8.000000e+01, 8.000000e+01, 0.000000e+00, -5.040000e+01, 1.296000e+02 
90, 0.000000e+00, 8.000000e+01, 8.000000e+01, 0.000000e+00, -4.995000e+01, 1.300500e+02 
91, 0.000000e+00, 8.000000e+01, 8.000000e+01, 0.000000e+00, -4.950000e+01, 1.305000e+02 
92, 0.000000e+00, 8.000000e+01, 8.000000e+01, 0.000000e+00, -4.905000e+01, 1.309500e+02 
93, 0.000000e+00, 8.000000e+01, 8.000000e+01, 0.000000e+00, -4.860000e+01, 1.314000e+02 
94, 0.000000e+00, 8.000000e+01, 8.000000e+01, 0.000000e+00, -4.815000e+01, 1.318500e+02 
95, 0.000000e+00, 8.000000e+01, 8.000000e+01, 0.000000e+00, -4.770000e+01, 1.323000e+02 
96, 0.000000e+00, 8.000000e+01, 8.000000e+01, 0.000000e+00, -4.725000e+01, 1.327500e+02 
97, 0.000000e+00, 8.000000e+01, 8.000000e+01, 0.000000e+00, -4.680000e+01, 1.332000e+02 
98, 0.000000e+00, 8.000000e+01, 8.000000e+01, 0.000000e+00, -4.635000e+01, 1.336500e+02 
99, 0.000000e+00, 8.000000e+01, 8.000000e+01, 0.000000e+00, -4.590000e+01, 1.341000e+02 
100, 0.000000e+00, 8.000000e+01, 8.000000e+01, 0.000000e+00, -4.545000e+01, 1.345500e+02 
101, 0.000000e+00, 8.000000e+01, 8.000000e+01, 0.000000e+00, -4.500000e+01, 1.350000e+02 
102, 0.000000e+00, 8.000000e+01, 8.000000e+01, 0.000000e+00, -4.455000e+01, 1.354500e+02 
103, 0.000000e+00, 8.000000e+01, 8.000000e+01, 0.000000e+00, -4.410000e+01, 1.359000e+02 
104, 0.000000e+00, 8.000000e+01, 8.000000e+01, 0.000000e+00, -4.365000e+01, 1.363500e+02 
105, 0.000000e+00, 8.000000e+01, 8.000000e+01, 0.000000e+00, -4.320000e+01, 1.368000e+02 
106, 0.000000e+00, 8.000000e+01, 8.000000e+01, 0.000000e+00, -4.275000e+01, 1.372500e+02 
107, 0.000000e+00, 8.000000e+01, 8.000000e+01, 0.000000e+00, -4.230000e+01, 1.377000e+02 
108, 0.000000e+00, 8.000000e+01, 8.000000e+01, 0.000000e+00, -4.185000e+01, 1.381500e+02 
109, 0.000000e+00, 8.000000e+01, 8.000000e+01, 0.000000e+00, -4.140000e+01, 1.386000e+02 
110, 0.000000e+00, 8.000000e+01, 8.000000e+01, 0.000000e+00, -4.095000e+01, 1.390500e+02 
111, 0.000000e+00, 8.000000e+01, 8.000000e+01, 0.000000e+00, -4.050000e+01, 1.395000e+02 
112, 0.000000e+00, 8.000000e+01, 8.000000e+01, 0.000000e+00, -4.005000e+01, 1.399500e+02 
113, 0.000000e+00, 8.000000e+01, 8.000000e+01, 0.000000e+00, -3.960000e+01, 1.404000e+02 
114, 0.000000e+00, 8.000000e+01, 8.000000e+01, 0.000000e+00, -3.915000e+01, 1.408500e+02 
115, 0.000000e+00, 8.000000e+01, 8.000000e+01, 0.000000e+00, -3.870000e+01, 1.413000e+02 
116, 0.000000e+00, 8.000000e+01, 8.000000e+01, 0.000000e+00, -3.825000e+01, 1.417500e+02 
117, 0.000000e+00, 8.000000e+01, 8.000000e+01, 0.000000e+00, -3.780000e+01, 1.422000e+02 
118, 0.000000e+00, 8.000000e+01, 8.000000e+01, 0.000000e+00, -3.735000e+01, 1.426500e+02 
119, 0.000000e+00, 8.000000e+01, 8.000000e+01, 0.000000e+00, -3.690000e+01, 1.431000e+02 
120, 0.000000e+00, 8.000000e+01, 8.000000e+01, 0.000000e+00, -3.645000e+01, 1.435500e+02 
121, 0.000000e+00, 8.000000e+01, 8.000000e+01, 0.000000e+00, -3.600000e+01, 1.440000e+02 
122, 0.000000e+00, 8.000000e+01, 8.000000e+01, 0.000000e+00, -3.555000e+01, 1.444500e+02 
123, 0.000000e+00, 8.000000e+01, 8.000000e+01, 0.000000e+00, -3.510000e+01, 1.449000e+02 
124, 0.000000e+00, 8.000000e+01, 8.000000e+01, 0.000000e+00, -3.465000e+01, 1.453500e+02 
125, 0.000000e+00, 8.000000e+01, 8.000000e+01, 0.000000e+00, -3.420000e+01, 1.458000e+02 
126, 0.000000e+00, 8.000000e+01, 8.000000e+01, 0.000000e+00, -3.375000e+01, 1.462500e+02 
127, 0.000000e+00, 8.000000e+01, 8.000000e+01, 0.000000e+00, -3.330000e+01, 1.467000e+02 
128, 0.000000e+00, 8.000000e+01, 8.000000e+01, 0.000000e+00, -3.285000e+01, 1.471500e+02 
129, 0.000000e+00, 8.000000e+01, 8.000000e+01, 0.000000e+00, -3.240000e+01, 1.476000e+02 
130, 0.000000e+00, 8.000000e+01, 8.000000e+01, 0.000000e+00, -3.195000e+01, 1.480500e+02 
131, 0.000000e+00, 8.000000e+01, 8.000000e+01, 0.000000e+00, -3.150000e+01, 1.485000e+02 
132, 0.000000e+00, 8.000000e+01, 8.000000e+01, 0.000000e+00, -3.105000e+01, 1.489500e+02 
133, 0.000000e+00, 8.000000e+01, 8.000000e+01, 0.000000e+00, -3.060000e+01, 1.494000e+02 
134, 0.000000e+00, 8.000000e+01, 8.000000e+01, 0.000000e+00, -3.015000e+01, 1.498500e+02 
135, 0.000000e+00, 8.000000e+01, 8.000000e+01, 0.000000e+00, -2.970000e+01, 1.503000e+02 
136, 0.000000e+00, 8.000000e+01, 8.000000e+01, 0.000000e+00, -2.925000e+01, 1.507500e+02 
137, 0.000000e+00, 8.000000e+01, 8.000000e+01, 0.000000e+00, -2.880000e+01, 1.512000e+02 
138, 0.000000e+00, 8.000000e+01, 8.000000e+01, 0.000000e+00, -2.835000e+01, 1.516500e+02 
139, 0.000000e+00, 8.000000e+01, 8.000000e+01, 0.000000e+00, -2.790000e+01, 1.521000e+02 
140, 0.000000e+00, 8.000000e+01, 8.000000e+01, 0.000000e+00, -2.745000e+01, 1.525500e+02 
141, 0.000000e+00, 8.000000e+01, 8.000000e+01, 0.000000e+00, -2.700000e+01, 1.530000e+02 
142, 0.000000e+00, 8.000000e+01, 8.000000e+01, 0.000000e+00, -2.655000e+01, 1.534500e+02 
143, 0.000000e+00, 8.000000e+01, 8.000000e+01, 0.000000e+00, -2.610000e+01, 1.539000e+02 
144, 0.000000e+00, 8.000000e+01, 8.000000e+01, 0.000000e+00, -2.565000e+01, 1.543500e+02 
145, 0.000000e+00, 8.000000e+01, 8.000000e+01, 0.000000e+00, -2.520000e+01, 1.548000e+02 
146, 0.000000e+00, 8.000000e+01, 8.000000e+01, 0.000000e+00, -2.475000e+01, 1.552500e+02 
147, 0.000000e+00, 8.000000e+01, 8.000000e+01, 0.000000e+00, -2.430000e+01, 1.557000e+02 
148, 0.000000e+00, 8.000000e+01, 8.000000e+01, 0.000000e+00, -2.385000e+01, 1.561500e+02 
149, 0.000000e+00, 8.000000e+01, 8.000000e+01, 0.000000e+00, -2.340000e+01, 1.566000e+02 
150, 0.000000e+00, 8.000000e+01, 8.000000e+01, 0.000000e+00, -2.295000e+01, 1.570500e+02 
151, 0.000000e+00, 8.000000e+01, 8.000000e+01, 0.000000e+00, -2.250000e+01, 1.575000e+02 
152, 0.000000e+00, 8.000000e+01, 8.000000e+01, 0.000000e+00, -2.205000e+01, 1.579500e+02 
153, 0.000000e+00, 8.000000e+01, 8.000000e+01, 0.000000e+00, -2.160000e+01, 1.584000e+02 
154, 0.000000e+00, 8.000000e+01, 8.000000e+01, 0.000000e+00, -2.115000e+01, 1.588500e+02 
155, 0.000000e+00, 8.000000e+01, 8.000000e+01, 0.000000e+00, -2.070000e+01, 1.593000e+02 
156, 0.000000e+00, 8.000000e+01, 8.000000e+01, 0.000000e+00, -2.025000e+01, 1.597500e+02 
157, 0.000000e+00, 8.000000e+01, 8.000000e+01, 0.000000e+00, -1.980000e+01, 1.602000e+02 
158, 0.000000e+00, 8.000000e+01, 8.000000e+01, 0.000000e+00, -1.935000e+01, 1.606500e+02 
159, 0.000000e+00, 8.000000e+01, 8.000000e+01, 0.000000e+00, -1.890000e+01, 1.611000e+02 
160, 0.000000e+00, 8.000000e+01, 8.000000e+01, 0.000000e+00, -1.845000e+01, 1.615500e+02 
161, 0.000000e+00, 8.000000e+01, 8.000000e+01, 0.000000e+00, -1.800000e+01, 1.620000e+02 
162, 0.000000e+00, 8.000000e+01, 8.000000e+01, 0.000000e+00, -1.755000e+01, 1.624500e+02 
163, 0.000000e+00, 8.000000e+01, 8.000000e+01, 0.000000e+00, -1.710000e+01, 1.629000e+02 
164, 0.000000e+00, 8.000000e+01, 8.000000e+01, 0.000000e+00, -1.665000e+01, 1.633500e+02 
165, 0.000000e+00, 8.000000e+01, 8.000000e+01, 0.000000e+00, -1.620000e+01, 1.638000e+02 
166, 0.000000e+00, 8.000000e+01, 8.000000e+01, 0.000000e+00, -1.575000e+01, 1.642500e+02 
167, 0.000000e+00, 8.000000e+01, 8.000000e+01, 0.000000e+00, -1.530000e+01, 1.647000e+02 
168, 0.000000e+00, 8.000000e+01, 8.000000e+01, 0.000000e+00, -1.485000e+01, 1.651500e+02 
169, 0.000000e+00, 8.000000e+01, 8.000000e+01, 0.000000e+00, -1.440000e+01, 1.656000e+02 
170, 0.000000e+00, 8.000000e+01, 8.000000e+01, 0.000000e+00, -1.395000e+01, 1.660500e+02 
171, 0.000000e+00, 8.000000e+01, 8.000000e+01, 0.000000e+00, -1.350000e+01, 1.665000e+02 
172, 0.000000e+00, 8.000000e+01, 8.000000e+01, 0.000000e+00, -1.305000e+01, 1.669500e+02 
173, 0.000000e+00, 8.000000e+01, 8.000000e+01, 0.000000e+00, -1.260000e+01, 1.674000e+02 
174, 0.000000e+00, 8.000000e+01, 8.000000e+01, 0.000000e+00, -1.215000e+01, 1.678500e+02 
175, 0.000000e+00, 8.000000e+01, 8.000000e+01, 0.000000e+00, -1.170000e+01, 1.683000e+02 
176, 0.000000e+00, 8.000000e+01, 8.000000e+01, 0.000000e+00, -1.125000e+01, 1.687500e+02 
177, 0.000000e+00, 8.000000e+01, 8.000000e+01, 0.000000e+00, -1.080000e+01, 1.692000e+02 
178, 0.000000e+00, 8.000000e+01, 8.000000e+01, 0.000000e+00, -1.035000e+01, 1.696500e+02 
179, 0.000000e+00, 8.000000e+01, 8.000000e+01, 0.000000e+00, -9.900000e+00, 1.701000e+02 
180, 0.000000e+00, 8.000000e+01, 8.000000e+01, 0.000000e+00, -9.450000e+00, 1.705500e+02 
181, 0.000000e+00, 8.000000e+01, 8.000000e+01, 0.000000e+00, -9.000000e+00, 1.710000e+02 
182, 0.000000e+00, 8.000000e+01, 8.000000e+01, 0.000000e+00, -8.550000e+00, 1.714500e+02 
183, 0.000000e+00, 8.000000e+01, 8.000000e+01, 0.000000e+00, -8.100000e+00, 1.719000e+02 
184, 0.000000e+00, 8.000000e+01, 8.000000e+01, 0.000000e+00, -7.650000e+00, 1.723500e+02 
185, 0.000000e+00, 8.000000e+01, 8.000000e+01, 0.000000e+00, -7.200000e+00, 1.728000e+02 
186, 0.000000e+00, 8.000000e+01, 8.000000e+01, 0.000000e+00, -6.750000e+00, 1.732500e+02 
187, 0.000000e+00, 8.000000e+01, 8.000000e+01, 0.000000e+00, -6.300000e+00, 1.737000e+02 
188, 0.000000e+00, 8.000000e+01, 8.000000e+01, 0.000000e+00, -5.850000e+00, 1.741500e+02 
189, 0.000000e+00, 8.000000e+01, 8.000000e+01, 0.000000e+00, -5.400000e+00, 1.746000e+02 
190, 0.000000e+00, 8.000000e+01, 8.000000e+01, 0.000000e+00, -4.950000e+00, 1.750500e+02 
191, 0.000000e+00, 8.000000e+01, 8.000000e+01, 0.000000e+00, -4.500000e+00, 1.755000e+02 
192, 0.000000e+00, 8.000000e+01, 8.000000e+01, 0.000000e+00, -4.050000e+00, 1.759500e+02 
193, 0.000000e+00, 8.000000e+01, 8.000000e+01, 0.000000e+00, -3.600000e+00, 1.764000e+02 
194, 0.000000e+00, 8.000000e+01, 8.000000e+01, 0.000000e+00, -3.150000e+00, 1.768500e+02 
195, 0.000000e+00, 8.000000e+01, 8.000000e+01, 0.000000e+00, -2.700000e+00, 1.773000e+02 
196, 0.000000e+00, 8.000000e+01, 8.000000e+01, 0.000000e+00, -2.250000e+00, 1.777500e+02 
197, 0.000000e+00, 8.000000e+01, 8.000000e+01, 0.000000e+00, -1.800000e+00, 1.782000e+02 
198, 0.000000e+00, 8.000000e+01, 8.000000e+01, 0.000000e+00, -1.350000e+00, 1.786500e+02 
199, 0.000000e+00, 8.000000e+01, 8.000000e+01, 0.000000e+00, -9.000000e-01, 1.791000e+02 
200, 0.000000e+00, 8.000000e+01, 8.000000e+01, 0.000000e+00, -4.500000e-01, 1.795500e+02 
201, 0.000000e+00, 8.000000e+01, 8.000000e+01, 0.000000e+00, 0.000000e+00, 1.800000e+02 
202, 0.000000e+00, 8.000000e+01, 8.000000e+01, 0.000000e+00, 4.500000e-01, -1.795500e+02 
203, 0.000000e+00, 8.000000e+01, 8.000000e+01, 0.000000e+00, 9.000000e-01, -1.791000e+02 
204, 0.000000e+00, 8.000000e+01, 8.000000e+01, 0.000000e+00, 1.350000e+00, -1.786500e+02 
205, 0.000000e+00, 8.000000e+01, 8.000000e+01, 0.000000e+00, 1.800000e+00, -1.782000e+02 
206, 0.000000e+00, 8.000000e+01, 8.000000e+01, 0.000000e+00, 2.250000e+00, -1.777500e+02 
207, 0.000000e+00, 8.000000e+01, 8.000000e+01, 0.000000e+00, 2.700000e+00, -1.773000e+02 
208, 0.000000e+00, 8.000000e+01, 8.000000e+01, 0.000000e+00, 3.150000e+00, -1.768500e+02 
209, 0.000000e+00, 8.000000e+01, 8.000000e+01, 0.000000e+00, 3.600000e+00, -1.764000e+02 
210, 0.000000e+00, 8.000000e+01, 8.000000e+01, 0.000000e+00, 4.050000e+00, -1.759500e+02 
211, 0.000000e+00, 8.000000e+01, 8.000000e+01, 0.000000e+00, 4.500000e+00, -1.755000e+02 
212, 0.000000e+00, 8.000000e+01, 8.000000e+01, 0.000000e+00, 4.950000e+00, -1.750500e+02 
213, 0.000000e+00, 8.000000e+01, 8.000000e+01, 0.000000e+00, 5.400000e+00, -1.746000e+02 
214, 0.000000e+00, 8.000000e+01, 8.000000e+01, 0.000000e+00, 5.850000e+00, -1.741500e+02 
215, 0.000000e+00, 8.000000e+01, 8.000000e+01, 0.000000e+00, 6.300000e+00, -1.737000e+02 
216, 0.000000e+00, 8.000000e+01, 8.000000e+01, 0.000000e+00, 6.750000e+00, -1.732500e+02 
217, 0.000000e+00, 8.000000e+01, 8.000000e+01, 0.000000e+00, 7.200000e+00, -1.728000e+02 
218, 0.000000e+00, 8.000000e+01, 8.000000e+01, 0.000000e+00, 7.650000e+00, -1.723500e+02 
219, 0.000000e+00, 8.000000e+01, 8.000000e+01, 0.000000e+00, 8.100000e+00, -1.719000e+02 
220, 0.000000e+00, 8.000000e+01, 8.000000e+01, 0.000000e+00, 8.550000e+00, -1.714500e+02 
221, 0.000000e+00, 8.000000e+01, 8.000000e+01, 0.000000e+00, 9.000000e+00, -1.710000e+02 
222, 0.000000e+00, 8.000000e+01, 8.000000e+01, 0.000000e+00, 9.450000e+00, -1.705500e+02 
223, 0.000000e+00, 8.000000e+01, 8.000000e+01, 0.000000e+00, 9.900000e+00, -1.701000e+02 
224, 0.000000e+00, 8.000000e+01, 8.000000e+01, 0.000000e+00, 1.035000e+01, -1.696500e+02 
225, 0.000000e+00, 8.000000e+01, 8.000000e+01, 0.000000e+00, 1.080000e+01, -1.692000e+02 
226, 0.000000e+00, 8.000000e+01, 8.000000e+01, 0.000000e+00, 1.125000e+01, -1.687500e+02 
227, 0.000000e+00, 8.000000e+01, 8.000000e+01, 0.000000e+00, 1.170000e+01, -1.683000e+02 
228, 0.000000e+00, 8.000000e+01, 8.000000e+01, 0.000000e+00, 1.215000e+01, -1.678500e+02 
229, 0.000000e+00, 8.000000e+01, 8.000000e+01, 0.000000e+00, 1.260000e+01, -1.674000e+02 
230, 0.000000e+00, 8.000000e+01, 8.000000e+01, 0.000000e+00, 1.305000e+01, -1.669500e+02 
231, 0.000000e+00, 8.000000e+01, 8.000000e+01, 0.000000e+00, 1.350000e+01, -1.665000e+02 
232, 0.000000e+00, 8.000000e+01, 8.000000e+01, 0.000000e+00, 1.395000e+01, -1.660500e+02 
233, 0.000000e+00, 8.000000e+01, 8.000000e+01, 0.000000e+00, 1.440000e+01, -1.656000e+02 
234, 0.000000e+00, 8.000000e+01, 8.000000e+01, 0.000000e+00, 1.485000e+01, -1.651500e+02 
235, 0.000000e+00, 8.000000e+01, 8.000000e+01, 0.000000e+00, 1.530000e+01, -1.647000e+02 
236, 0.000000e+00, 8.000000e+01, 8.000000e+01, 0.000000e+00, 1.575000e+01, -1.642500e+02 
237, 0.000000e+00, 8.000000e+01, 8.000000e+01, 0.000000e+00, 1.620000e+01, -1.638000e+02 
238, 0.000000e+00, 8.000000e+01, 8.000000e+01, 0.000000e+00, 1.665000e+01, -1.633500e+02 
239, 0.000000e+00, 8.000000e+01, 8.000000e+01, 0.000000e+00, 1.710000e+01, -1.629000e+02 
240, 0.000000e+00, 8.000000e+01, 8.000000e+01, 0.000000e+00, 1.755000e+01, -1.624500e+02 
241, 0.000000e+00, 8.000000e+01, 8.000000e+01, 0.000000e+00, 1.800000e+01, -1.620000e+02 
242, 0.000000e+00, 8.000000e+01, 8.000000e+01, 0.000000e+00, 1.845000e+01, -1.615500e+02 
243, 0.000000e+00, 8.000000e+01, 8.000000e+01, 0.000000e+00, 1.890000e+01, -1.611000e+02 
244, 0.000000e+00, 8.000000e+01, 8.000000e+01, 0.000000e+00, 1.935000e+01, -1.606500e+02 
245, 0.000000e+00, 8.000000e+01, 8.000000e+01, 0.000000e+00, 1.980000e+01, -1.602000e+02 
246, 0.000000e+00, 8.000000e+01, 8.000000e+01, 0.000000e+00, 2.025000e+01, -1.597500e+02 
247, 0.000000e+00, 8.000000e+01, 8.000000e+01, 0.000000e+00, 2.070000e+01, -1.593000e+02 
248, 0.000000e+00, 8.000000e+01, 8.000000e+01, 0.000000e+00, 2.115000e+01, -1.588500e+02 
249, 0.000000e+00, 8.000000e+01, 8.000000e+01, 0.000000e+00, 2.160000e+01, -1.584000e+02 
250, 0.000000e+00, 8.000000e+01, 8.000000e+01, 0.000000e+00, 2.205000e+01, -1.579500e+02 
251, 0.000000e+00, 8.000000e+01, 8.000000e+01, 0.000000e+00, 2.250000e+01, -1.575000e+02 
252, 0.000000e+00, 8.000000e+01, 8.000000e+01, 0.000000e+00, 2.295000e+01, -1.570500e+02 
253, 0.000000e+00, 8.000000e+01, 8.000000e+01, 0.000000e+00, 2.340000e+01, -1.566000e+02 
254, 0.000000e+00, 8.000000e+01, 8.000000e+01, 0.000000e+00, 2.385000e+01, -1.561500e+02 
255, 0.000000e+00, 8.000000e+01, 8.000000e+01, 0.000000e+00, 2.430000e+01, -1.557000e+02 
256, 0.000000e+00, 8.000000e+01, 8.000000e+01, 0.000000e+00, 2.475000e+01, -1.552500e+02 
257, 0.000000e+00, 8.000000e+01, 8.000000e+01, 0.000000e+00, 2.520000e+01, -1.548000e+02 
258, 0.000000e+00, 8.000000e+01, 8.000000e+01, 0.000000e+00, 2.565000e+01, -1.543500e+02 
259, 0.000000e+00, 8.000000e+01, 8.000000e+01, 0.000000e+00, 2.610000e+01, -1.539000e+02 
260, 0.000000e+00, 8.000000e+01, 8.000000e+01, 0.000000e+00, 2.655000e+01, -1.534500e+02 
261, 0.000000e+00, 8.000000e+01, 8.000000e+01, 0.000000e+00, 2.700000e+01, -1.530000e+02 
262, 0.000000e+00, 8.000000e+01, 8.000000e+01, 0.000000e+00, 2.745000e+01, -1.525500e+02 
263, 0.000000e+00, 8.000000e+01, 8.000000e+01, 0.000000e+00, 2.790000e+01, -1.521000e+02 
264, 0.000000e+00, 8.000000e+01, 8.000000e+01, 0.000000e+00, 2.835000e+01, -1.516500e+02 
265, 0.000000e+00, 8.000000e+01, 8.000000e+01, 0.000000e+00, 2.880000e+01, -1.512000e+02 
266, 0.000000e+00, 8.000000e+01, 8.000000e+01, 0.000000e+00, 2.925000e+01, -1.507500e+02 
267, 0.000000e+00, 8.000000e+01, 8.000000e+01, 0.000000e+00, 2.970000e+01, -1.503000e+02 
268, 0.000000e+00, 8.000000e+01, 8.000000e+01, 0.000000e+00, 3.015000e+01, -1.498500e+02 
269, 0.000000e+00, 8.000000e+01, 8.000000e+01, 0.000000e+00, 3.060000e+01, -1.494000e+02 
270, 0.000000e+00, 8.000000e+01, 8.000000e+01, 0.000000e+00, 3.105000e+01, -1.489500e+02 
271, 0.000000e+00, 8.000000e+01, 8.000000e+01, 0.000000e+00, 3.150000e+01, -1.485000e+02 
272, 0.000000e+00, 8.000000e+01, 8.000000e+01, 0.000000e+00, 3.195000e+01, -1.480500e+02 
273, 0.000000e+00, 8.000000e+01, 8.000000e+01, 0.000000e+00, 3.240000e+01, -1.476000e+02 
274, 0.000000e+00, 8.000000e+01, 8.000000e+01, 0.000000e+00, 3.285000e+01, -1.471500e+02 
275, 0.000000e+00, 8.000000e+01, 8.000000e+01, 0.000000e+00, 3.330000e+01, -1.467000e+02 
276, 0.000000e+00, 8.000000e+01, 8.000000e+01, 0.000000e+00, 3.375000e+01, -1.462500e+02 
277, 0.000000e+00, 8.000000e+01, 8.000000e+01, 0.000000e+00, 3.420000e+01, -1.458000e+02 
278, 0.000000e+00, 8.000000e+01, 8.000000e+01, 0.000000e+00, 3.465000e+01, -1.453500e+02 
279, 0.000000e+00, 8.000000e+01, 8.000000e+01, 0.000000e+00, 3.510000e+01, -1.449000e+02 
280, 0.000000e+00, 8.000000e+01, 8.000000e+01, 0.000000e+00, 3.555000e+01, -1.444500e+02 
281, 0.000000e+00, 8.000000e+01, 8.000000e+01, 0.000000e+00, 3.600000e+01, -1.440000e+02 
282, 0.000000e+00, 8.000000e+01, 8.000000e+01, 0.000000e+00, 3.645000e+01, -1.435500e+02 
283, 0.000000e+00, 8.000000e+01, 8.000000e+01, 0.000000e+00, 3.690000e+01, -1.431000e+02 
284, 0.000000e+00, 8.000000e+01, 8.000000e+01, 0.000000e+00, 3.735000e+01, -1.426500e+02 
285, 0.000000e+00, 8.000000e+01, 8.000000e+01, 0.000000e+00, 3.780000e+01, -1.422000e+02 
286, 0.000000e+00, 8.000000e+01, 8.000000e+01, 0.000000e+00, 3.825000e+01, -1.417500e+02 
287, 0.000000e+00, 8.000000e+01, 8.000000e+01, 0.000000e+00, 3.870000e+01, -1.413000e+02 
288, 0.000000e+00, 8.000000e+01, 8.000000e+01, 0.000000e+00, 3.915000e+01, -1.408500e+02 
289, 0.000000e+00, 8.000000e+01, 8.000000e+01, 0.000000e+00, 3.960000e+01, -1.404000e+02 
290, 0.000000e+00, 8.000000e+01, 8.000000e+01, 0.000000e+00, 4.005000e+01, -1.399500e+02 
291, 0.000000e+00, 8.000000e+01, 8.000000e+01, 0.000000e+00, 4.050000e+01, -1.395000e+02 
292, 0.000000e+00, 8.000000e+01, 8.000000e+01, 0.000000e+00, 4.095000e+01, -1.390500e+02 
293, 0.000000e+00, 8.000000e+01, 8.000000e+01, 0.000000e+00, 4.140000e+01, -1.386000e+02 
294, 0.000000e+00, 8.000000e+01, 8.000000e+01, 0.000000e+00, 4.185000e+01, -1.381500e+02 
295, 0.000000e+00, 8.000000e+01, 8.000000e+01, 0.000000e+00, 4.230000e+01, -1.377000e+02 
296, 0.000000e+00, 8.000000e+01, 8.000000e+01, 0.000000e+00, 4.275000e+01, -1.372500e+02 
297, 0.000000e+00, 8.000000e+01, 8.000000e+01, 0.000000e+00, 4.320000e+01, -1.368000e+02 
298, 0.000000e+00, 8.000000e+01, 8.000000e+01, 0.000000e+00, 4.365000e+01, -1.363500e+02 
299, 0.000000e+00, 8.000000e+01, 8.000000e+01, 0.000000e+00, 4.410000e+01, -1.359000e+02 
300, 0.000000e+00, 8.000000e+01, 8.000000e+01, 0.000000e+00, 4.455000e+01, -1.354500e+02 
301, 0.000000e+00, 8.000000e+01, 8.000000e+01, 0.000000e+00, 4.500000e+01, -1.350000e+02 
302, 0.000000e+00, 8.000000e+01, 8.000000e+01, 0.000000e+00, 4.545000e+01, -1.345500e+02 
303, 0.000000e+00, 8.000000e+01, 8.000000e+01, 0.000000e+00, 4.590000e+01, -1.341000e+02 
304, 0.000000e+00, 8.000000e+01, 8.000000e+01, 0.000000e+00, 4.635000e+01, -1.336500e+02 
305, 0.000000e+00, 8.000000e+01, 8.000000e+01, 0.000000e+00, 4.680000e+01, -1.332000e+02 
306, 0.000000e+00, 8.000000e+01, 8.000000e+01, 0.000000e+00, 4.725000e+01, -1.327500e+02 
307, 0.000000e+00, 8.000000e+01, 8.000000e+01, 0.000000e+00, 4.770000e+01, -1.323000e+02 
308, 0.000000e+00, 8.000000e+01, 8.000000e+01, 0.000000e+00, 4.815000e+01, -1.318500e+02 
309, 0.000000e+00, 8.000000e+01, 8.000000e+01, 0.000000e+00, 4.860000e+01, -1.314000e+02 
310, 0.000000e+00, 8.000000e+01, 8.000000e+01, 0.000000e+00, 4.905000e+01, -1.309500e+02 
311, 0.000000e+00, 8.000000e+01, 8.000000e+01, 0.000000e+00, 4.950000e+01, -1.305000e+02 
312, 0.000000e+00, 8.000000e+01, 8.000000e+01, 0.000000e+00, 4.995000e+01, -1.300500e+02 
313, 0.000000e+00, 8.000000e+01, 8.000000e+01, 0.000000e+00, 5.040000e+01, -1.296000e+02 
314, 0.000000e+00, 8.000000e+01, 8.000000e+01, 0.000000e+00, 5.085000e+01, -1.291500e+02 
315, 0.000000e+00, 8.000000e+01, 8.000000e+01, 0.000000e+00, 5.130000e+01, -1.287000e+02 
316, 0.000000e+00, 8.000000e+01, 8.000000e+01, 0.000000e+00, 5.175000e+01, -1.282500e+02 
317, 0.000000e+00, 8.000000e+01, 8.000000e+01, 0.000000e+00, 5.220000e+01, -1.278000e+02 
318, 0.000000e+00, 8.000000e+01, 8.000000e+01, 0.000000e+00, 5.265000e+01, -1.273500e+02 
319, 0.000000e+00, 8.000000e+01, 8.000000e+01, 0.000000e+00, 5.310000e+01, -1.269000e+02 
320, 0.000000e+00, 8.000000e+01, 8.000000e+01, 0.000000e+00, 5.355000e+01, -1.264500e+02 
321, 0.000000e+00, 8.000000e+01, 8.000000e+01, 0.000000e+00, 5.400000e+01, -1.260000e+02 
322, 0.000000e+00, 8.000000e+01, 8.000000e+01, 0.000000e+00, 5.445000e+01, -1.255500e+02 
323, 0.000000e+00, 8.000000e+01, 8.000000e+01, 0.000000e+00, 5.490000e+01, -1.251000e+02 
324, 0.000000e+00, 8.000000e+01, 8.000000e+01, 0.000000e+00, 5.535000e+01, -1.246500e+02 
325, 0.000000e+00, 8.000000e+01, 8.000000e+01, 0.000000e+00, 5.580000e+01, -1.242000e+02 
326, 0.000000e+00, 8.000000e+01, 8.000000e+01, 0.000000e+00, 5.625000e+01, -1.237500e+02 
327, 0.000000e+00, 8.000000e+01, 8.000000e+01, 0.000000e+00, 5.670000e+01, -1.233000e+02 
328, 0.000000e+00, 8.000000e+01, 8.000000e+01, 0.000000e+00, 5.715000e+01, -1.228500e+02 
329, 0.000000e+00, 8.000000e+01, 8.000000e+01, 0.000000e+00, 5.760000e+01, -1.224000e+02 
330, 0.000000e+00, 8.000000e+01, 8.000000e+01, 0.000000e+00, 5.805000e+01, -1.219500e+02 
331, 0.000000e+00, 8.000000e+01, 8.000000e+01, 0.000000e+00, 5.850000e+01, -1.215000e+02 
332, 0.000000e+00, 8.000000e+01, 8.000000e+01, 0.000000e+00, 5.895000e+01, -1.210500e+02 
333, 0.000000e+00, 8.000000e+01, 8.000000e+01, 0.000000e+00, 5.940000e+01, -1.206000e+02 
334, 0.000000e+00, 8.000000e+01, 8.000000e+01, 0.000000e+00, 5.985000e+01, -1.201500e+02 
335, 0.000000e+00, 8.000000e+01, 8.000000e+01, 0.000000e+00, 6.030000e+01, -1.197000e+02 
336, 0.000000e+00, 8.000000e+01, 8.000000e+01, 0.000000e+00, 6.075000e+01, -1.192500e+02 
337, 0.000000e+00, 8.000000e+01, 8.000000e+01, 0.000000e+00, 6.120000e+01, -1.188000e+02 
338, 0.000000e+00, 8.000000e+01, 8.000000e+01, 0.000000e+00, 6.165000e+01, -1.183500e+02 
339, 0.000000e+00, 8.000000e+01, 8.000000e+01, 0.000000e+00, 6.210000e+01, -1.179000e+02 
340, 0.000000e+00, 8.000000e+01, 8.000000e+01, 0.000000e+00, 6.255000e+01, -1.174500e+02 
341, 0.000000e+00, 8.000000e+01, 8.000000e+01, 0.000000e+00, 6.300000e+01, -1.170000e+02 
342, 0.000000e+00, 8.000000e+01, 8.000000e+01, 0.000000e+00, 6.345000e+01, -1.165500e+02 
343, 0.000000e+00, 8.000000e+01, 8.000000e+01, 0.000000e+00, 6.390000e+01, -1.161000e+02 
344, 0.000000e+00, 8.000000e+01, 8.000000e+01, 0.000000e+00, 6.435000e+01, -1.156500e+02 
345, 0.000000e+00, 8.000000e+01, 8.000000e+01, 0.000000e+00, 6.480000e+01, -1.152000e+02 
346, 0.000000e+00, 8.000000e+01, 8.000000e+01, 0.000000e+00, 6.525000e+01, -1.147500e+02 
347, 0.000000e+00, 8.000000e+01, 8.000000e+01, 0.000000e+00, 6.570000e+01, -1.143000e+02 
348, 0.000000e+00, 8.000000e+01, 8.000000e+01, 0.000000e+00, 6.615000e+01, -1.138500e+02 
349, 0.000000e+00, 8.000000e+01, 8.000000e+01, 0.000000e+00, 6.660000e+01, -1.134000e+02 
350, 0.000000e+00, 8.000000e+01, 8.000000e+01, 0.000000e+00, 6.705000e+01, -1.129500e+02 
351, 0.000000e+00, 8.000000e+01, 8.000000e+01, 0.000000e+00, 6.750000e+01, -1.125000e+02 
352, 0.000000e+00, 8.000000e+01, 8.000000e+01, 0.000000e+00, 6.795000e+01, -1.120500e+02 
353, 0.000000e+00, 8.000000e+01, 8.000000e+01, 0.000000e+00, 6.840000e+01, -1.116000e+02 
354, 0.000000e+00, 8.000000e+01, 8.000000e+01, 0.000000e+00, 6.885000e+01, -1.111500e+02 
355, 0.000000e+00, 8.000000e+01, 8.000000e+01, 0.000000e+00, 6.930000e+01, -1.107000e+02 
356, 0.000000e+00, 8.000000e+01, 8.000000e+01, 0.000000e+00, 6.975000e+01, -1.102500e+02 
357, 0.000000e+00, 8.000000e+01, 8.000000e+01, 0.000000e+00, 7.020000e+01, -1.098000e+02 
358, 0.000000e+00, 8.000000e+01, 8.000000e+01, 0.000000e+00, 7.065000e+01, -1.093500e+02 
359, 0.000000e+00, 8.000000e+01, 8.000000e+01, 0.000000e+00, 7.110000e+01, -1.089000e+02 
360, 0.000000e+00, 8.000000e+01, 8.000000e+01, 0.000000e+00, 7.155000e+01, -1.084500e+02 
361, 0.000000e+00, 8.000000e+01, 8.000000e+01, 0.000000e+00, 7.200000e+01, -1.080000e+02 
362, 0.000000e+00, 8.000000e+01, 8.000000e+01, 0.000000e+00, 7.245000e+01, -1.075500e+02 
363, 0.000000e+00, 8.000000e+01, 8.000000e+01, 0.000000e+00, 7.290000e+01, -1.071000e+02 
364, 0.000000e+00, 8.000000e+01, 8.000000e+01, 0.000000e+00, 7.335000e+01, -1.066500e+02 
365, 0.000000e+00, 8.000000e+01, 8.000000e+01, 0.000000e+00, 7.380000e+01, -1.062000e+02 
366, 0.000000e+00, 8.000000e+01, 8.000000e+01, 0.000000e+00, 7.425000e+01, -1.057500e+02 
367, 0.000000e+00, 8.000000e+01, 8.000000e+01, 0.000000e+00, 7.470000e+01, -1.053000e+02 
368, 0.000000e+00, 8.000000e+01, 8.000000e+01, 0.000000e+00, 7.515000e+01, -1.048500e+02 
369, 0.000000e+00, 8.000000e+01, 8.000000e+01, 0.000000e+00, 7.560000e+01, -1.044000e+02 
370, 0.000000e+00, 8.000000e+01, 8.000000e+01, 0.000000e+00, 7.605000e+01, -1.039500e+02 
371, 0.000000e+00, 8.000000e+01, 8.000000e+01, 0.000000e+00, 7.650000e+01, -1.035000e+02 
372, 0.000000e+00, 8.000000e+01, 8.000000e+01, 0.000000e+00, 7.695000e+01, -1.030500e+02 
373, 0.000000e+00, 8.000000e+01, 8.000000e+01, 0.000000e+00, 7.740000e+01, -1.026000e+02 
374, 0.000000e+00, 8.000000e+01, 8.000000e+01, 0.000000e+00, 7.785000e+01, -1.021500e+02 
375, 0.000000e+00, 8.000000e+01, 8.000000e+01, 0.000000e+00, 7.830000e+01, -1.017000e+02 
376, 0.000000e+00, 8.000000e+01, 8.000000e+01, 0.000000e+00, 7.875000e+01, -1.012500e+02 
377, 0.000000e+00, 8.000000e+01, 8.000000e+01, 0.000000e+00, 7.920000e+01, -1.008000e+02 
378, 0.000000e+00, 8.000000e+01, 8.000000e+01, 0.000000e+00, 7.965000e+01, -1.003500e+02 
379, 0.000000e+00, 8.000000e+01, 8.000000e+01, 0.000000e+00, 8.010000e+01, -9.990000e+01 
380, 0.000000e+00, 8.000000e+01, 8.000000e+01, 0.000000e+00, 8.055000e+01, -9.945000e+01 
381, 0.000000e+00, 8.000000e+01, 8.000000e+01, 0.000000e+00, 8.100000e+01, -9.900000e+01 
382, 0.000000e+00, 8.000000e+01, 8.000000e+01, 0.000000e+00, 8.145000e+01, -9.855000e+01 
383, 0.000000e+00, 8.000000e+01, 8.000000e+01, 0.000000e+00, 8.190000e+01, -9.810000e+01 
384, 0.000000e+00, 8.000000e+01, 8.000000e+01, 0.000000e+00, 8.235000e+01, -9.765000e+01 
385, 0.000000e+00, 8.000000e+01, 8.000000e+01, 0.000000e+00, 8.280000e+01, -9.720000e+01 
386, 0.000000e+00, 8.000000e+01, 8.000000e+01, 0.000000e+00, 8.325000e+01, -9.675000e+01 
387, 0.000000e+00, 8.000000e+01, 8.000000e+01, 0.000000e+00, 8.370000e+01, -9.630000e+01 
388, 0.000000e+00, 8.000000e+01, 8.000000e+01, 0.000000e+00, 8.415000e+01, -9.585000e+01 
389, 0.000000e+00, 8.000000e+01, 8.000000e+01, 0.000000e+00, 8.460000e+01, -9.540000e+01 
390, 0.000000e+00, 8.000000e+01, 8.000000e+01, 0.000000e+00, 8.505000e+01, -9.495000e+01 
391, 0.000000e+00, 8.000000e+01, 8.000000e+01, 0.000000e+00, 8.550000e+01, -9.450000e+01 
392, 0.000000e+00, 8.000000e+01, 8.000000e+01, 0.000000e+00, 8.595000e+01, -9.405000e+01 
393, 0.000000e+00, 8.000000e+01, 8.000000e+01, 0.000000e+00, 8.640000e+01, -9.360000e+01 
394, 0.000000e+00, 8.000000e+01, 8.000000e+01, 0.000000e+00, 8.685000e+01, -9.315000e+01 
395, 0.000000e+00, 8.000000e+01, 8.000000e+01, 0.000000e+00, 8.730000e+01, -9.270000e+01 
396, 0.000000e+00, 8.000000e+01, 8.000000e+01, 0.000000e+00, 8.775000e+01, -9.225000e+01 
397, 0.000000e+00, 8.000000e+01, 8.000000e+01, 0.000000e+00, 8.820000e+01, -9.180000e+01 
398, 0.000000e+00, 8.000000e+01, 8.000000e+01, 0.000000e+00, 8.865000e+01, -9.135000e+01 
399, 0.000000e+00, 8.000000e+01, 8.000000e+01, 0.000000e+00, 8.910000e+01, -9.090000e+01 
400, 0.000000e+00, 8.000000e+01, 8.000000e+01, 0.000000e+00, 8.955000e+01, -9.045000e+01 
401, 0.000000e+00, 8.000000e+01, 8.000000e+01, 0.000000e+00, 9.000000e+01, -9.000000e+01 
402, 0.000000e+00, 8.000000e+01, 8.000000e+01, 0.000000e+00, 9.045000e+01, -8.955000e+01 
403, 0.000000e+00, 8.000000e+01, 8.000000e+01, 0.000000e+00, 9.090000e+01, -8.910000e+01 
404, 0.000000e+00, 8.000000e+01, 8.000000e+01, 0.000000e+00, 9.135000e+01, -8.865000e+01 
405, 0.000000e+00, 8.000000e+01, 8.000000e+01, 0.000000e+00, 9.180000e+01, -8.820000e+01 
406, 0.000000e+00, 8.000000e+01, 8.000000e+01, 0.000000e+00, 9.225000e+01, -8.775000e+01 
407, 0.000000e+00, 8.000000e+01, 8.000000e+01, 0.000000e+00, 9.270000e+01, -8.730000e+01 
408, 0.000000e+00, 8.000000e+01, 8.000000e+01, 0.000000e+00, 9.315000e+01, -8.685000e+01 
409, 0.000000e+00, 8.000000e+01, 8.000000e+01, 0.000000e+00, 9.360000e+01, -8.640000e+01 
410, 0.000000e+00, 8.000000e+01, 8.000000e+01, 0.000000e+00, 9.405000e+01, -8.595000e+01 
411, 0.000000e+00, 8.000000e+01, 8.000000e+01, 0.000000e+00, 9.450000e+01, -8.550000e+01 
412, 0.000000e+00, 8.000000e+01, 8.000000e+01, 0.000000e+00, 9.495000e+01, -8.505000e+01 
413, 0.000000e+00, 8.000000e+01, 8.000000e+01, 0.000000e+00, 9.540000e+01, -8.460000e+01 
414, 0.000000e+00, 8.000000e+01, 8.000000e+01, 0.000000e+00, 9.585000e+01, -8.415000e+01 
415, 0.000000e+00, 8.000000e+01, 8.000000e+01, 0.000000e+00, 9.630000e+01, -8.370000e+01 
416, 0.000000e+00, 8.000000e+01, 8.000000e+01, 0.000000e+00, 9.675000e+01, -8.325000e+01 
417, 0.000000e+00, 8.000000e+01, 8.000000e+01, 0.000000e+00, 9.720000e+01, -8.280000e+01 
418, 0.000000e+00, 8.000000e+01, 8.000000e+01, 0.000000e+00, 9.765000e+01, -8.235000e+01 
419, 0.000000e+00, 8.000000e+01, 8.000000e+01, 0.000000e+00, 9.810000e+01, -8.190000e+01 
420, 0.000000e+00, 8.000000e+01, 8.000000e+01, 0.000000e+00, 9.855000e+01, -8.145000e+01 
421, 0.000000e+00, 8.000000e+01, 8.000000e+01, 0.000000e+00, 9.900000e+01, -8.100000e+01 
422, 0.000000e+00, 8.000000e+01, 8.000000e+01, 0.000000e+00, 9.945000e+01, -8.055000e+01 
423, 0.000000e+00, 8.000000e+01, 8.000000e+01, 0.000000e+00, 9.990000e+01, -8.010000e+01 
424, 0.000000e+00, 8.000000e+01, 8.000000e+01, 0.000000e+00, 1.003500e+02, -7.965000e+01 
425, 0.000000e+00, 8.000000e+01, 8.000000e+01, 0.000000e+00, 1.008000e+02, -7.920000e+01 
426, 0.000000e+00, 8.000000e+01, 8.000000e+01, 0.000000e+00, 1.012500e+02, -7.875000e+01 
427, 0.000000e+00, 8.000000e+01, 8.000000e+01, 0.000000e+00, 1.017000e+02, -7.830000e+01 
428, 0.000000e+00, 8.000000e+01, 8.000000e+01, 0.000000e+00, 1.021500e+02, -7.785000e+01 
429, 0.000000e+00, 8.000000e+01, 8.000000e+01, 0.000000e+00, 1.026000e+02, -7.740000e+01 
430, 0.000000e+00, 8.000000e+01, 8.000000e+01, 0.000000e+00, 1.030500e+02, -7.695000e+01 
431, 0.000000e+00, 8.000000e+01, 8.000000e+01, 0.000000e+00, 1.035000e+02, -7.650000e+01 
432, 0.000000e+00, 8.000000e+01, 8.000000e+01, 0.000000e+00, 1.039500e+02, -7.605000e+01 
433, 0.000000e+00, 8.000000e+01, 8.000000e+01, 0.000000e+00, 1.044000e+02, -7.560000e+01 
434, 0.000000e+00, 8.000000e+01, 8.000000e+01, 0.000000e+00, 1.048500e+02, -7.515000e+01 
435, 0.000000e+00, 8.000000e+01, 8.000000e+01, 0.000000e+00, 1.053000e+02, -7.470000e+01 
436, 0.000000e+00, 8.000000e+01, 8.000000e+01, 0.000000e+00, 1.057500e+02, -7.425000e+01 
437, 0.000000e+00, 8.000000e+01, 8.000000e+01, 0.000000e+00, 1.062000e+02, -7.380000e+01 
438, 0.000000e+00, 8.000000e+01, 8.000000e+01, 0.000000e+00, 1.066500e+02, -7.335000e+01 
439, 0.000000e+00, 8.000000e+01, 8.000000e+01, 0.000000e+00, 1.071000e+02, -7.290000e+01 
440, 0.000000e+00, 8.000000e+01, 8.000000e+01, 0.000000e+00, 1.075500e+02, -7.245000e+01 
441, 0.000000e+00, 8.000000e+01, 8.000000e+01, 0.000000e+00, 1.080000e+02, -7.200000e+01 
442, 0.000000e+00, 8.000000e+01, 8.000000e+01, 0.000000e+00, 1.084500e+02, -7.155000e+01 
443, 0.000000e+00, 8.000000e+01, 8.000000e+01, 0.000000e+00, 1.089000e+02, -7.110000e+01 
444, 0.000000e+00, 8.000000e+01, 8.000000e+01, 0.000000e+00, 1.093500e+02, -7.065000e+01 
445, 0.000000e+00, 8.000000e+01, 8.000000e+01, 0.000000e+00, 1.098000e+02, -7.020000e+01 
446, 0.000000e+00, 8.000000e+01, 8.000000e+01, 0.000000e+00, 1.102500e+02, -6.975000e+01 
447, 0.000000e+00, 8.000000e+01, 8.000000e+01, 0.000000e+00, 1.107000e+02, -6.930000e+01 
448, 0.000000e+00, 8.000000e+01, 8.000000e+01, 0.000000e+00, 1.111500e+02, -6.885000e+01 
449, 0.000000e+00, 8.000000e+01, 8.000000e+01, 0.000000e+00, 1.116000e+02, -6.840000e+01 
450, 0.000000e+00, 8.000000e+01, 8.000000e+01, 0.000000e+00, 1.120500e+02, -6.795000e+01 
451, 0.000000e+00, 8.000000e+01, 8.000000e+01, 0.000000e+00, 1.125000e+02, -6.750000e+01 
452, 0.000000e+00, 8.000000e+01, 8.000000e+01, 0.000000e+00, 1.129500e+02, -6.705000e+01 
453, 0.000000e+00, 8.000000e+01, 8.000000e+01, 0.000000e+00, 1.134000e+02, -6.660000e+01 
454, 0.000000e+00, 8.000000e+01, 8.000000e+01, 0.000000e+00, 1.138500e+02, -6.615000e+01 
455, 0.000000e+00, 8.000000e+01, 8.000000e+01, 0.000000e+00, 1.143000e+02, -6.570000e+01 
456, 0.000000e+00, 8.000000e+01, 8.000000e+01, 0.000000e+00, 1.147500e+02, -6.525000e+01 
457, 0.000000e+00, 8.000000e+01, 8.000000e+01, 0.000000e+00, 1.152000e+02, -6.480000e+01 
458, 0.000000e+00, 8.000000e+01, 8.000000e+01, 0.000000e+00, 1.156500e+02, -6.435000e+01 
459, 0.000000e+00, 8.000000e+01, 8.000000e+01, 0.000000e+00, 1.161000e+02, -6.390000e+01 
460, 0.000000e+00, 8.000000e+01, 8.000000e+01, 0.000000e+00, 1.165500e+02, -6.345000e+01 
461, 0.000000e+00, 8.000000e+01, 8.000000e+01, 0.000000e+00, 1.170000e+02, -6.300000e+01 
462, 0.000000e+00, 8.000000e+01, 8.000000e+01, 0.000000e+00, 1.174500e+02, -6.255000e+01 
463, 0.000000e+00, 8.000000e+01, 8.000000e+01, 0.000000e+00, 1.179000e+02, -6.210000e+01 
464, 0.000000e+00, 8.000000e+01, 8.000000e+01, 0.000000e+00, 1.183500e+02, -6.165000e+01 
465, 0.000000e+00, 8.000000e+01, 8.000000e+01, 0.000000e+00, 1.188000e+02, -6.120000e+01 
466, 0.000000e+00, 8.000000e+01, 8.000000e+01, 0.000000e+00, 1.192500e+02, -6.075000e+01 
467, 0.000000e+00, 8.000000e+01, 8.000000e+01, 0.000000e+00, 1.197000e+02, -6.030000e+01 
468, 0.000000e+00, 8.000000e+01, 8.000000e+01, 0.000000e+00, 1.201500e+02, -5.985000e+01 
469, 0.000000e+00, 8.000000e+01, 8.000000e+01, 0.000000e+00, 1.206000e+02, -5.940000e+01 
470, 0.000000e+00, 8.000000e+01, 8.000000e+01, 0.000000e+00, 1.210500e+02, -5.895000e+01 
471, 0.000000e+00, 8.000000e+01, 8.000000e+01, 0.000000e+00, 1.215000e+02, -5.850000e+01 
472, 0.000000e+00, 8.000000e+01, 8.000000e+01, 0.000000e+00, 1.219500e+02, -5.805000e+01 
473, 0.000000e+00, 8.000000e+01, 8.000000e+01, 0.000000e+00, 1.224000e+02, -5.760000e+01 
474, 0.000000e+00, 8.000000e+01, 8.000000e+01, 0.000000e+00, 1.228500e+02, -5.715000e+01 
475, 0.000000e+00, 8.000000e+01, 8.000000e+01, 0.000000e+00, 1.233000e+02, -5.670000e+01 
476, 0.000000e+00, 8.000000e+01, 8.000000e+01, 0.000000e+00, 1.237500e+02, -5.625000e+01 
477, 0.000000e+00, 8.000000e+01, 8.000000e+01, 0.000000e+00, 1.242000e+02, -5.580000e+01 
478, 0.000000e+00, 8.000000e+01, 8.000000e+01, 0.000000e+00, 1.246500e+02, -5.535000e+01 
479, 0.000000e+00, 8.000000e+01, 8.000000e+01, 0.000000e+00, 1.251000e+02, -5.490000e+01 
480, 0.000000e+00, 8.000000e+01, 8.000000e+01, 0.000000e+00, 1.255500e+02, -5.445000e+01 
481, 0.000000e+00, 8.000000e+01, 8.000000e+01, 0.000000e+00, 1.260000e+02, -5.400000e+01 
482, 0.000000e+00, 8.000000e+01, 8.000000e+01, 0.000000e+00, 1.264500e+02, -5.355000e+01 
483, 0.000000e+00, 8.000000e+01, 8.000000e+01, 0.000000e+00, 1.269000e+02, -5.310000e+01 
484, 0.000000e+00, 8.000000e+01, 8.000000e+01, 0.000000e+00, 1.273500e+02, -5.265000e+01 
485, 0.000000e+00, 8.000000e+01, 8.000000e+01, 0.000000e+00, 1.278000e+02, -5.220000e+01 
486, 0.000000e+00, 8.000000e+01, 8.000000e+01, 0.000000e+00, 1.282500e+02, -5.175000e+01 
487, 0.000000e+00, 8.000000e+01, 8.000000e+01, 0.000000e+00, 1.287000e+02, -5.130000e+01 
488, 0.000000e+00, 8.000000e+01, 8.000000e+01, 0.000000e+00, 1.291500e+02, -5.085000e+01 
489, 0.000000e+00, 8.000000e+01, 8.000000e+01, 0.000000e+00, 1.296000e+02, -5.040000e+01 
490, 0.000000e+00, 8.000000e+01, 8.000000e+01, 0.000000e+00, 1.300500e+02, -4.995000e+01 
491, 0.000000e+00, 8.000000e+01, 8.000000e+01, 0.000000e+00, 1.305000e+02, -4.950000e+01 
492, 0.000000e+00, 8.000000e+01, 8.000000e+01, 0.000000e+00, 1.309500e+02, -4.905000e+01 
493, 0.000000e+00, 8.000000e+01, 8.000000e+01, 0.000000e+00, 1.314000e+02, -4.860000e+01 
494, 0.000000e+00, 8.000000e+01, 8.000000e+01, 0.000000e+00, 1.318500e+02, -4.815000e+01 
495, 0.000000e+00, 8.000000e+01, 8.000000e+01, 0.000000e+00, 1.323000e+02, -4.770000e+01 
496, 0.000000e+00, 8.000000e+01, 8.000000e+01, 0.000000e+00, 1.327500e+02, -4.725000e+01 
497, 0.000000e+00, 8.000000e+01, 8.000000e+01, 0.000000e+00, 1.332000e+02, -4.680000e+01 
498, 0.000000e+00, 8.000000e+01, 8.000000e+01, 0.000000e+00, 1.336500e+02, -4.635000e+01 
499, 0.000000e+00, 8.000000e+01, 8.000000e+01, 0.000000e+00, 1.341000e+02, -4.590000e+01 
500, 0.000000e+00, 8.000000e+01, 8.000000e+01, 0.000000e+00, 1.345500e+02, -4.545000e+01 
501, 0.000000e+00, 8.000000e+01, 8.000000e+01, 0.000000e+00, 1.350000e+02, -4.500000e+01 
502, 0.000000e+00, 8.000000e+01, 8.000000e+01, 0.000000e+00, 1.354500e+02, -4.455000e+01 
503, 0.000000e+00, 8.000000e+01, 8.000000e+01, 0.000000e+00, 1.359000e+02, -4.410000e+01 
504, 0.000000e+00, 8.000000e+01, 8.000000e+01, 0.000000e+00, 1.363500e+02, -4.365000e+01 
505, 0.000000e+00, 8.000000e+01, 8.000000e+01, 0.000000e+00, 1.368000e+02, -4.320000e+01 
506, 0.000000e+00, 8.000000e+01, 8.000000e+01, 0.000000e+00, 1.372500e+02, -4.275000e+01 
507, 0.000000e+00, 8.000000e+01, 8.000000e+01, 0.000000e+00, 1.377000e+02, -4.230000e+01 
508, 0.000000e+00, 8.000000e+01, 8.000000e+01, 0.000000e+00, 1.381500e+02, -4.185000e+01 
509, 0.000000e+00, 8.000000e+01, 8.000000e+01, 0.000000e+00, 1.386000e+02, -4.140000e+01 
510, 0.000000e+00, 8.000000e+01, 8.000000e+01, 0.000000e+00, 1.390500e+02, -4.095000e+01 
511, 0.000000e+00, 8.000000e+01, 8.000000e+01, 0.000000e+00, 1.395000e+02, -4.050000e+01 
512, 0.000000e+00, 8.000000e+01, 8.000000e+01, 0.000000e+00, 1.399500e+02, -4.005000e+01 
513, 0.000000e+00, 8.000000e+01, 8.000000e+01, 0.000000e+00, 1.404000e+02, -3.960000e+01 
514, 0.000000e+00, 8.000000e+01, 8.000000e+01, 0.000000e+00, 1.408500e+02, -3.915000e+01 
515, 0.000000e+00, 8.000000e+01, 8.000000e+01, 0.000000e+00, 1.413000e+02, -3.870000e+01 
516, 0.000000e+00, 8.000000e+01, 8.000000e+01, 0.000000e+00, 1.417500e+02, -3.825000e+01 
517, 0.000000e+00, 8.000000e+01, 8.000000e+01, 0.000000e+00, 1.422000e+02, -3.780000e+01 
518, 0.000000e+00, 8.000000e+01, 8.000000e+01, 0.000000e+00, 1.426500e+02, -3.735000e+01 
519, 0.000000e+00, 8.000000e+01, 8.000000e+01, 0.000000e+00, 1.431000e+02, -3.690000e+01 
520, 0.000000e+00, 8.000000e+01, 8.000000e+01, 0.000000e+00, 1.435500e+02, -3.645000e+01 
521, 0.000000e+00, 8.000000e+01, 8.000000e+01, 0.000000e+00, 1.440000e+02, -3.600000e+01 
522, 0.000000e+00, 8.000000e+01, 8.000000e+01, 0.000000e+00, 1.444500e+02, -3.555000e+01 
523, 0.000000e+00, 8.000000e+01, 8.000000e+01, 0.000000e+00, 1.449000e+02, -3.510000e+01 
524, 0.000000e+00, 8.000000e+01, 8.000000e+01, 0.000000e+00, 1.453500e+02, -3.465000e+01 
525, 0.000000e+00, 8.000000e+01, 8.000000e+01, 0.000000e+00, 1.458000e+02, -3.420000e+01 
526, 0.000000e+00, 8.000000e+01, 8.000000e+01, 0.000000e+00, 1.462500e+02, -3.375000e+01 
527, 0.000000e+00, 8.000000e+01, 8.000000e+01, 0.000000e+00, 1.467000e+02, -3.330000e+01 
528, 0.000000e+00, 8.000000e+01, 8.000000e+01, 0.000000e+00, 1.471500e+02, -3.285000e+01 
529, 0.000000e+00, 8.000000e+01, 8.000000e+01, 0.000000e+00, 1.476000e+02, -3.240000e+01 
530, 0.000000e+00, 8.000000e+01, 8.000000e+01, 0.000000e+00, 1.480500e+02, -3.195000e+01 
531, 0.000000e+00, 8.000000e+01, 8.000000e+01, 0.000000e+00, 1.485000e+02, -3.150000e+01 
532, 0.000000e+00, 8.000000e+01, 8.000000e+01, 0.000000e+00, 1.489500e+02, -3.105000e+01 
533, 0.000000e+00, 8.000000e+01, 8.000000e+01, 0.000000e+00, 1.494000e+02, -3.060000e+01 
534, 0.000000e+00, 8.000000e+01, 8.000000e+01, 0.000000e+00, 1.498500e+02, -3.015000e+01 
535, 0.000000e+00, 8.000000e+01, 8.000000e+01, 0.000000e+00, 1.503000e+02, -2.970000e+01 
536, 0.000000e+00, 8.000000e+01, 8.000000e+01, 0.000000e+00, 1.507500e+02, -2.925000e+01 
537, 0.000000e+00, 8.000000e+01, 8.000000e+01, 0.000000e+00, 1.512000e+02, -2.880000e+01 
538, 0.000000e+00, 8.000000e+01, 8.000000e+01, 0.000000e+00, 1.516500e+02, -2.835000e+01 
539, 0.000000e+00, 8.000000e+01, 8.000000e+01, 0.000000e+00, 1.521000e+02, -2.790000e+01 
540, 0.000000e+00, 8.000000e+01, 8.000000e+01, 0.000000e+00, 1.525500e+02, -2.745000e+01 
541, 0.000000e+00, 8.000000e+01, 8.000000e+01, 0.000000e+00, 1.530000e+02, -2.700000e+01 
542, 0.000000e+00, 8.000000e+01, 8.000000e+01, 0.000000e+00, 1.534500e+02, -2.655000e+01 
543, 0.000000e+00, 8.000000e+01, 8.000000e+01, 0.000000e+00, 1.539000e+02, -2.610000e+01 
544, 0.000000e+00, 8.000000e+01, 8.000000e+01, 0.000000e+00, 1.543500e+02, -2.565000e+01 
545, 0.000000e+00, 8.000000e+01, 8.000000e+01, 0.000000e+00, 1.548000e+02, -2.520000e+01 
546, 0.000000e+00, 8.000000e+01, 8.000000e+01, 0.000000e+00, 1.552500e+02, -2.475000e+01 
547, 0.000000e+00, 8.000000e+01, 8.000000e+01, 0.000000e+00, 1.557000e+02, -2.430000e+01 
548, 0.000000e+00, 8.000000e+01, 8.000000e+01, 0.000000e+00, 1.561500e+02, -2.385000e+01 
549, 0.000000e+00, 8.000000e+01, 8.000000e+01, 0.000000e+00, 1.566000e+02, -2.340000e+01 
550, 0.000000e+00, 8.000000e+01, 8.000000e+01, 0.000000e+00, 1.570500e+02, -2.295000e+01 
551, 0.000000e+00, 8.000000e+01, 8.000000e+01, 0.000000e+00, 1.575000e+02, -2.250000e+01 
552, 0.000000e+00, 8.000000e+01, 8.000000e+01, 0.000000e+00, 1.579500e+02, -2.205000e+01 
553, 0.000000e+00, 8.000000e+01, 8.000000e+01, 0.000000e+00, 1.584000e+02, -2.160000e+01 
554, 0.000000e+00, 8.000000e+01, 8.000000e+01, 0.000000e+00, 1.588500e+02, -2.115000e+01 
555, 0.000000e+00, 8.000000e+01, 8.000000e+01, 0.000000e+00, 1.593000e+02, -2.070000e+01 
556, 0.000000e+00, 8.000000e+01, 8.000000e+01, 0.000000e+00, 1.597500e+02, -2.025000e+01 
557, 0.000000e+00, 8.000000e+01, 8.000000e+01, 0.000000e+00, 1.602000e+02, -1.980000e+01 
558, 0.000000e+00, 8.000000e+01, 8.000000e+01, 0.000000e+00, 1.606500e+02, -1.935000e+01 
559, 0.000000e+00, 8.000000e+01, 8.000000e+01, 0.000000e+00, 1.611000e+02, -1.890000e+01 
560, 0.000000e+00, 8.000000e+01, 8.000000e+01, 0.000000e+00, 1.615500e+02, -1.845000e+01 
561, 0.000000e+00, 8.000000e+01, 8.000000e+01, 0.000000e+00, 1.620000e+02, -1.800000e+01 
562, 0.000000e+00, 8.000000e+01, 8.000000e+01, 0.000000e+00, 1.624500e+02, -1.755000e+01 
563, 0.000000e+00, 8.000000e+01, 8.000000e+01, 0.000000e+00, 1.629000e+02, -1.710000e+01 
564, 0.000000e+00, 8.000000e+01, 8.000000e+01, 0.000000e+00, 1.633500e+02, -1.665000e+01 
565, 0.000000e+00, 8.000000e+01, 8.000000e+01, 0.000000e+00, 1.638000e+02, -1.620000e+01 
566, 0.000000e+00, 8.000000e+01, 8.000000e+01, 0.000000e+00, 1.642500e+02, -1.575000e+01 
567, 0.000000e+00, 8.000000e+01, 8.000000e+01, 0.000000e+00, 1.647000e+02, -1.530000e+01 
568, 0.000000e+00, 8.000000e+01, 8.000000e+01, 0.000000e+00, 1.651500e+02, -1.485000e+01 
569, 0.000000e+00, 8.000000e+01, 8.000000e+01, 0.000000e+00, 1.656000e+02, -1.440000e+01 
570, 0.000000e+00, 8.000000e+01, 8.000000e+01, 0.000000e+00, 1.660500e+02, -1.395000e+01 
571, 0.000000e+00, 8.000000e+01, 8.000000e+01, 0.000000e+00, 1.665000e+02, -1.350000e+01 
572, 0.000000e+00, 8.000000e+01, 8.000000e+01, 0.000000e+00, 1.669500e+02, -1.305000e+01 
573, 0.000000e+00, 8.000000e+01, 8.000000e+01, 0.000000e+00, 1.674000e+02, -1.260000e+01 
574, 0.000000e+00, 8.000000e+01, 8.000000e+01, 0.000000e+00, 1.678500e+02, -1.215000e+01 
575, 0.000000e+00, 8.000000e+01, 8.000000e+01, 0.000000e+00, 1.683000e+02, -1.170000e+01 
576, 0.000000e+00, 8.000000e+01, 8.000000e+01, 0.000000e+00, 1.687500e+02, -1.125000e+01 
577, 0.000000e+00, 8.000000e+01, 8.000000e+01, 0.000000e+00, 1.692000e+02, -1.080000e+01 
578, 0.000000e+00, 8.000000e+01, 8.000000e+01, 0.000000e+00, 1.696500e+02, -1.035000e+01 
579, 0.000000e+00, 8.000000e+01, 8.000000e+01, 0.000000e+00, 1.701000e+02, -9.900000e+00 
580, 0.000000e+00, 8.000000e+01, 8.000000e+01, 0.000000e+00, 1.705500e+02, -9.450000e+00 
581, 0.000000e+00, 8.000000e+01, 8.000000e+01, 0.000000e+00, 1.710000e+02, -9.000000e+00 
582, 0.000000e+00, 8.000000e+01, 8.000000e+01, 0.000000e+00, 1.714500e+02, -8.550000e+00 
583, 0.000000e+00, 8.000000e+01, 8.000000e+01, 0.000000e+00, 1.719000e+02, -8.100000e+00 
584, 0.000000e+00, 8.000000e+01, 8.000000e+01, 0.000000e+00, 1.723500e+02, -7.650000e+00 
585, 0.000000e+00, 8.000000e+01, 8.000000e+01, 0.000000e+00, 1.728000e+02, -7.200000e+00 
586, 0.000000e+00, 8.000000e+01, 8.000000e+01, 0.000000e+00, 1.732500e+02, -6.750000e+00 
587, 0.000000e+00, 8.000000e+01, 8.000000e+01, 0.000000e+00, 1.737000e+02, -6.300000e+00 
588, 0.000000e+00, 8.000000e+01, 8.000000e+01, 0.000000e+00, 1.741500e+02, -5.850000e+00 
589, 0.000000e+00, 8.000000e+01, 8.000000e+01, 0.000000e+00, 1.746000e+02, -5.400000e+00 
590, 0.000000e+00, 8.000000e+01, 8.000000e+01, 0.000000e+00, 1.750500e+02, -4.950000e+00 
591, 0.000000e+00, 8.000000e+01, 8.000000e+01, 0.000000e+00, 1.755000e+02, -4.500000e+00 
592, 0.000000e+00, 8.000000e+01, 8.000000e+01, 0.000000e+00, 1.759500e+02, -4.050000e+00 
593, 0.000000e+00, 8.000000e+01, 8.000000e+01, 0.000000e+00, 1.764000e+02, -3.600000e+00 
594, 0.000000e+00, 8.000000e+01, 8.000000e+01, 0.000000e+00, 1.768500e+02, -3.150000e+00 
595, 0.000000e+00, 8.000000e+01, 8.000000e+01, 0.000000e+00, 1.773000e+02, -2.700000e+00 
596, 0.000000e+00, 8.000000e+01, 8.000000e+01, 0.000000e+00, 1.777500e+02, -2.250000e+00 
597, 0.000000e+00, 8.000000e+01, 8.000000e+01, 0.000000e+00, 1.782000e+02, -1.800000e+00 
598, 0.000000e+00, 8.000000e+01, 8.000000e+01, 0.000000e+00, 1.786500e+02, -1.350000e+00 
599, 0.000000e+00, 8.000000e+01, 8.000000e+01, 0.000000e+00, 1.791000e+02, -9.000000e-01 
600, 0.000000e+00, 8.000000e+01, 8.000000e+01, 0.000000e+00, 1.795500e+02, -4.500000e-01 
601, 0.000000e+00, 8.000000e+01, 8.000000e+01, 0.000000e+00, 1.800000e+02, 0.000000e+00 
602, 0.000000e+00, 8.000000e+01, 8.000000e+01, 0.000000e+00, -1.795500e+02, 4.500000e-01 
603, 0.000000e+00, 8.000000e+01, 8.000000e+01, 0.000000e+00, -1.791000e+02, 9.000000e-01 
604, 0.000000e+00, 8.000000e+01, 8.000000e+01, 0.000000e+00, -1.786500e+02, 1.350000e+00 
605, 0.000000e+00, 8.000000e+01, 8.000000e+01, 0.000000e+00, -1.782000e+02, 1.800000e+00 
606, 0.000000e+00, 8.000000e+01, 8.000000e+01, 0.000000e+00, -1.777500e+02, 2.250000e+00 
607, 0.000000e+00, 8.000000e+01, 8.000000e+01, 0.000000e+00, -1.773000e+02, 2.700000e+00 
608, 0.000000e+00, 8.000000e+01, 8.000000e+01, 0.000000e+00, -1.768500e+02, 3.150000e+00 
609, 0.000000e+00, 8.000000e+01, 8.000000e+01, 0.000000e+00, -1.764000e+02, 3.600000e+00 
610, 0.000000e+00, 8.000000e+01, 8.000000e+01, 0.000000e+00, -1.759500e+02, 4.050000e+00 
611, 0.000000e+00, 8.000000e+01, 8.000000e+01, 0.000000e+00, -1.755000e+02, 4.500000e+00 
612, 0.000000e+00, 8.000000e+01, 8.000000e+01, 0.000000e+00, -1.750500e+02, 4.950000e+00 
613, 0.000000e+00, 8.000000e+01, 8.000000e+01, 0.000000e+00, -1.746000e+02, 5.400000e+00 
614, 0.000000e+00, 8.000000e+01, 8.000000e+01, 0.000000e+00, -1.741500e+02, 5.850000e+00 
615, 0.000000e+00, 8.000000e+01, 8.000000e+01, 0.000000e+00, -1.737000e+02, 6.300000e+00 
616, 0.000000e+00, 8.000000e+01, 8.000000e+01, 0.000000e+00, -1.732500e+02, 6.750000e+00 
617, 0.000000e+00, 8.000000e+01, 8.000000e+01, 0.000000e+00, -1.728000e+02, 7.200000e+00 
618, 0.000000e+00, 8.000000e+01, 8.000000e+01, 0.000000e+00, -1.723500e+02, 7.650000e+00 
619, 0.000000e+00, 8.000000e+01, 8.000000e+01, 0.000000e+00, -1.719000e+02, 8.100000e+00 
620, 0.000000e+00, 8.000000e+01, 8.000000e+01, 0.000000e+00, -1.714500e+02, 8.550000e+00 
621, 0.000000e+00, 8.000000e+01, 8.000000e+01, 0.000000e+00, -1.710000e+02, 9.000000e+00 
622, 0.000000e+00, 8.000000e+01, 8.000000e+01, 0.000000e+00, -1.705500e+02, 9.450000e+00 
623, 0.000000e+00, 8.000000e+01, 8.000000e+01, 0.000000e+00, -1.701000e+02, 9.900000e+00 
624, 0.000000e+00, 8.000000e+01, 8.000000e+01, 0.000000e+00, -1.696500e+02, 1.035000e+01 
625, 0.000000e+00, 8.000000e+01, 8.000000e+01, 0.000000e+00, -1.692000e+02, 1.080000e+01 
626, 0.000000e+00, 8.000000e+01, 8.000000e+01, 0.000000e+00, -1.687500e+02, 1.125000e+01 
627, 0.000000e+00, 8.000000e+01, 8.000000e+01, 0.000000e+00, -1.683000e+02, 1.170000e+01 
628, 0.000000e+00, 8.000000e+01, 8.000000e+01, 0.000000e+00, -1.678500e+02, 1.215000e+01 
629, 0.000000e+00, 8.000000e+01, 8.000000e+01, 0.000000e+00, -1.674000e+02, 1.260000e+01 
630, 0.000000e+00, 8.000000e+01, 8.000000e+01, 0.000000e+00, -1.669500e+02, 1.305000e+01 
631, 0.000000e+00, 8.000000e+01, 8.000000e+01, 0.000000e+00, -1.665000e+02, 1.350000e+01 
632, 0.000000e+00, 8.000000e+01, 8.000000e+01, 0.000000e+00, -1.660500e+02, 1.395000e+01 
633, 0.000000e+00, 8.000000e+01, 8.000000e+01, 0.000000e+00, -1.656000e+02, 1.440000e+01 
634, 0.000000e+00, 8.000000e+01, 8.000000e+01, 0.000000e+00, -1.651500e+02, 1.485000e+01 
635, 0.000000e+00, 8.000000e+01, 8.000000e+01, 0.000000e+00, -1.647000e+02, 1.530000e+01 
636, 0.000000e+00, 8.000000e+01, 8.000000e+01, 0.000000e+00, -1.642500e+02, 1.575000e+01 
637, 0.000000e+00, 8.000000e+01, 8.000000e+01, 0.000000e+00, -1.638000e+02, 1.620000e+01 
638, 0.000000e+00, 8.000000e+01, 8.000000e+01, 0.000000e+00, -1.633500e+02, 1.665000e+01 
639, 0.000000e+00, 8.000000e+01, 8.000000e+01, 0.000000e+00, -1.629000e+02, 1.710000e+01 
640, 0.000000e+00, 8.000000e+01, 8.000000e+01, 0.000000e+00, -1.624500e+02, 1.755000e+01 
641, 0.000000e+00, 8.000000e+01, 8.000000e+01, 0.000000e+00, -1.620000e+02, 1.800000e+01 
642, 0.000000e+00, 8.000000e+01, 8.000000e+01, 0.000000e+00, -1.615500e+02, 1.845000e+01 
643, 0.000000e+00, 8.000000e+01, 8.000000e+01, 0.000000e+00, -1.611000e+02, 1.890000e+01 
644, 0.000000e+00, 8.000000e+01, 8.000000e+01, 0.000000e+00, -1.606500e+02, 1.935000e+01 
645, 0.000000e+00, 8.000000e+01, 8.000000e+01, 0.000000e+00, -1.602000e+02, 1.980000e+01 
646, 0.000000e+00, 8.000000e+01, 8.000000e+01, 0.000000e+00, -1.597500e+02, 2.025000e+01 
647, 0.000000e+00, 8.000000e+01, 8.000000e+01, 0.000000e+00, -1.593000e+02, 2.070000e+01 
648, 0.000000e+00, 8.000000e+01, 8.000000e+01, 0.000000e+00, -1.588500e+02, 2.115000e+01 
649, 0.000000e+00, 8.000000e+01, 8.000000e+01, 0.000000e+00, -1.584000e+02, 2.160000e+01 
650, 0.000000e+00, 8.000000e+01, 8.000000e+01, 0.000000e+00, -1.579500e+02, 2.205000e+01 
651, 0.000000e+00, 8.000000e+01, 8.000000e+01, 0.000000e+00, -1.575000e+02, 2.250000e+01 
652, 0.000000e+00, 8.000000e+01, 8.000000e+01, 0.000000e+00, -1.570500e+02, 2.295000e+01 
653, 0.000000e+00, 8.000000e+01, 8.000000e+01, 0.000000e+00, -1.566000e+02, 2.340000e+01 
654, 0.000000e+00, 8.000000e+01, 8.000000e+01, 0.000000e+00, -1.561500e+02, 2.385000e+01 
655, 0.000000e+00, 8.000000e+01, 8.000000e+01, 0.000000e+00, -1.557000e+02, 2.430000e+01 
656, 0.000000e+00, 8.000000e+01, 8.000000e+01, 0.000000e+00, -1.552500e+02, 2.475000e+01 
657, 0.000000e+00, 8.000000e+01, 8.000000e+01, 0.000000e+00, -1.548000e+02, 2.520000e+01 
658, 0.000000e+00, 8.000000e+01, 8.000000e+01, 0.000000e+00, -1.543500e+02, 2.565000e+01 
659, 0.000000e+00, 8.000000e+01, 8.000000e+01, 0.000000e+00, -1.539000e+02, 2.610000e+01 
660, 0.000000e+00, 8.000000e+01, 8.000000e+01, 0.000000e+00, -1.534500e+02, 2.655000e+01 
661, 0.000000e+00, 8.000000e+01, 8.000000e+01, 0.000000e+00, -1.530000e+02, 2.700000e+01 
662, 0.000000e+00, 8.000000e+01, 8.000000e+01, 0.000000e+00, -1.525500e+02, 2.745000e+01 
663, 0.000000e+00, 8.000000e+01, 8.000000e+01, 0.000000e+00, -1.521000e+02, 2.790000e+01 
664, 0.000000e+00, 8.000000e+01, 8.000000e+01, 0.000000e+00, -1.516500e+02, 2.835000e+01 
665, 0.000000e+00, 8.000000e+01, 8.000000e+01, 0.000000e+00, -1.512000e+02, 2.880000e+01 
666, 0.000000e+00, 8.000000e+01, 8.000000e+01, 0.000000e+00, -1.507500e+02, 2.925000e+01 
667, 0.000000e+00, 8.000000e+01, 8.000000e+01, 0.000000e+00, -1.503000e+02, 2.970000e+01 
668, 0.000000e+00, 8.000000e+01, 8.000000e+01, 0.000000e+00, -1.498500e+02, 3.015000e+01 
669, 0.000000e+00, 8.000000e+01, 8.000000e+01, 0.000000e+00, -1.494000e+02, 3.060000e+01 
670, 0.000000e+00, 8.000000e+01, 8.000000e+01, 0.000000e+00, -1.489500e+02, 3.105000e+01 
671, 0.000000e+00, 8.000000e+01, 8.000000e+01, 0.000000e+00, -1.485000e+02, 3.150000e+01 
672, 0.000000e+00, 8.000000e+01, 8.000000e+01, 0.000000e+00, -1.480500e+02, 3.195000e+01 
673, 0.000000e+00, 8.000000e+01, 8.000000e+01, 0.000000e+00, -1.476000e+02, 3.240000e+01 
674, 0.000000e+00, 8.000000e+01, 8.000000e+01, 0.000000e+00, -1.471500e+02, 3.285000e+01 
675, 0.000000e+00, 8.000000e+01, 8.000000e+01, 0.000000e+00, -1.467000e+02, 3.330000e+01 
676, 0.000000e+00, 8.000000e+01, 8.000000e+01, 0.000000e+00, -1.462500e+02, 3.375000e+01 
677, 0.000000e+00, 8.000000e+01, 8.000000e+01, 0.000000e+00, -1.458000e+02, 3.420000e+01 
678, 0.000000e+00, 8.000000e+01, 8.000000e+01, 0.000000e+00, -1.453500e+02, 3.465000e+01 
679, 0.000000e+00, 8.000000e+01, 8.000000e+01, 0.000000e+00, -1.449000e+02, 3.510000e+01 
680, 0.000000e+00, 8.000000e+01, 8.000000e+01, 0.000000e+00, -1.444500e+02, 3.555000e+01 
681, 0.000000e+00, 8.000000e+01, 8.000000e+01, 0.000000e+00, -1.440000e+02, 3.600000e+01 
682, 0.000000e+00, 8.000000e+01, 8.000000e+01, 0.000000e+00, -1.435500e+02, 3.645000e+01 
683, 0.000000e+00, 8.000000e+01, 8.000000e+01, 0.000000e+00, -1.431000e+02, 3.690000e+01 
684, 0.000000e+00, 8.000000e+01, 8.000000e+01, 0.000000e+00, -1.426500e+02, 3.735000e+01 
685, 0.000000e+00, 8.000000e+01, 8.000000e+01, 0.000000e+00, -1.422000e+02, 3.780000e+01 
686, 0.000000e+00, 8.000000e+01, 8.000000e+01, 0.000000e+00, -1.417500e+02, 3.825000e+01 
687, 0.000000e+00, 8.000000e+01, 8.000000e+01, 0.000000e+00, -1.413000e+02, 3.870000e+01 
688, 0.000000e+00, 8.000000e+01, 8.000000e+01, 0.000000e+00, -1.408500e+02, 3.915000e+01 
689, 0.000000e+00, 8.000000e+01, 8.000000e+01, 0.000000e+00, -1.404000e+02, 3.960000e+01 
690, 0.000000e+00, 8.000000e+01, 8.000000e+01, 0.000000e+00, -1.399500e+02, 4.005000e+01 
691, 0.000000e+00, 8.000000e+01, 8.000000e+01, 0.000000e+00, -1.395000e+02, 4.050000e+01 
692, 0.000000e+00, 8.000000e+01, 8.000000e+01, 0.000000e+00, -1.390500e+02, 4.095000e+01 
693, 0.000000e+00, 8.000000e+01, 8.000000e+01, 0.000000e+00, -1.386000e+02, 4.140000e+01 
694, 0.000000e+00, 8.000000e+01, 8.000000e+01, 0.000000e+00, -1.381500e+02, 4.185000e+01 
695, 0.000000e+00, 8.000000e+01, 8.000000e+01, 0.000000e+00, -1.377000e+02, 4.230000e+01 
696, 0.000000e+00, 8.000000e+01, 8.000000e+01, 0.000000e+00, -1.372500e+02, 4.275000e+01 
697, 0.000000e+00, 8.000000e+01, 8.000000e+01, 0.000000e+00, -1.368000e+02, 4.320000e+01 
698, 0.000000e+00, 8.000000e+01, 8.000000e+01, 0.000000e+00, -1.363500e+02, 4.365000e+01 
699, 0.000000e+00, 8.000000e+01, 8.000000e+01, 0.000000e+00, -1.359000e+02, 4.410000e+01 
700, 0.000000e+00, 8.000000e+01, 8.000000e+01, 0.000000e+00, -1.354500e+02, 4.455000e+01 
701, 0.000000e+00, 8.000000e+01, 8.000000e+01, 0.000000e+00, -1.350000e+02, 4.500000e+01 
702, 0.000000e+00, 8.000000e+01, 8.000000e+01, 0.000000e+00, -1.345500e+02, 4.545000e+01 
703, 0.000000e+00, 8.000000e+01, 8.000000e+01, 0.000000e+00, -1.341000e+02, 4.590000e+01 
704, 0.000000e+00, 8.000000e+01, 8.000000e+01, 0.000000e+00, -1.336500e+02, 4.635000e+01 
705, 0.000000e+00, 8.000000e+01, 8.000000e+01, 0.000000e+00, -1.332000e+02, 4.680000e+01 
706, 0.000000e+00, 8.000000e+01, 8.000000e+01, 0.000000e+00, -1.327500e+02, 4.725000e+01 
707, 0.000000e+00, 8.000000e+01, 8.000000e+01, 0.000000e+00, -1.323000e+02, 4.770000e+01 
708, 0.000000e+00, 8.000000e+01, 8.000000e+01, 0.000000e+00, -1.318500e+02, 4.815000e+01 
709, 0.000000e+00, 8.000000e+01, 8.000000e+01, 0.000000e+00, -1.314000e+02, 4.860000e+01 
710, 0.000000e+00, 8.000000e+01, 8.000000e+01, 0.000000e+00, -1.309500e+02, 4.905000e+01 
711, 0.000000e+00, 8.000000e+01, 8.000000e+01, 0.000000e+00, -1.305000e+02, 4.950000e+01 
712, 0.000000e+00, 8.000000e+01, 8.000000e+01, 0.000000e+00, -1.300500e+02, 4.995000e+01 
713, 0.000000e+00, 8.000000e+01, 8.000000e+01, 0.000000e+00, -1.296000e+02, 5.040000e+01 
714, 0.000000e+00, 8.000000e+01, 8.000000e+01, 0.000000e+00, -1.291500e+02, 5.085000e+01 
715, 0.000000e+00, 8.000000e+01, 8.000000e+01, 0.000000e+00, -1.287000e+02, 5.130000e+01 
716, 0.000000e+00, 8.000000e+01, 8.000000e+01, 0.000000e+00, -1.282500e+02, 5.175000e+01 
717, 0.000000e+00, 8.000000e+01, 8.000000e+01, 0.000000e+00, -1.278000e+02, 5.220000e+01 
718, 0.000000e+00, 8.000000e+01, 8.000000e+01, 0.000000e+00, -1.273500e+02, 5.265000e+01 
719, 0.000000e+00, 8.000000e+01, 8.000000e+01, 0.000000e+00, -1.269000e+02, 5.310000e+01 
720, 0.000000e+00, 8.000000e+01, 8.000000e+01, 0.000000e+00, -1.264500e+02, 5.355000e+01 
721, 0.000000e+00, 8.000000e+01, 8.000000e+01, 0.000000e+00, -1.260000e+02, 5.400000e+01 
722, 0.000000e+00, 8.000000e+01, 8.000000e+01, 0.000000e+00, -1.255500e+02, 5.445000e+01 
723, 0.000000e+00, 8.000000e+01, 8.000000e+01, 0.000000e+00, -1.251000e+02, 5.490000e+01 
724, 0.000000e+00, 8.000000e+01, 8.000000e+01, 0.000000e+00, -1.246500e+02, 5.535000e+01 
725, 0.000000e+00, 8.000000e+01, 8.000000e+01, 0.000000e+00, -1.242000e+02, 5.580000e+01 
726, 0.000000e+00, 8.000000e+01, 8.000000e+01, 0.000000e+00, -1.237500e+02, 5.625000e+01 
727, 0.000000e+00, 8.000000e+01, 8.000000e+01, 0.000000e+00, -1.233000e+02, 5.670000e+01 
728, 0.000000e+00, 8.000000e+01, 8.000000e+01, 0.000000e+00, -1.228500e+02, 5.715000e+01 
729, 0.000000e+00, 8.000000e+01, 8.000000e+01, 0.000000e+00, -1.224000e+02, 5.760000e+01 
730, 0.000000e+00, 8.000000e+01, 8.000000e+01, 0.000000e+00, -1.219500e+02, 5.805000e+01 
731, 0.000000e+00, 8.000000e+01, 8.000000e+01, 0.000000e+00, -1.215000e+02, 5.850000e+01 
732, 0.000000e+00, 8.000000e+01, 8.000000e+01, 0.000000e+00, -1.210500e+02, 5.895000e+01 
733, 0.000000e+00, 8.000000e+01, 8.000000e+01, 0.000000e+00, -1.206000e+02, 5.940000e+01 
734, 0.000000e+00, 8.000000e+01, 8.000000e+01, 0.000000e+00, -1.201500e+02, 5.985000e+01 
735, 0.000000e+00, 8.000000e+01, 8.000000e+01, 0.000000e+00, -1.197000e+02, 6.030000e+01 
736, 0.000000e+00, 8.000000e+01, 8.000000e+01, 0.000000e+00, -1.192500e+02, 6.075000e+01 
737, 0.000000e+00, 8.000000e+01, 8.000000e+01, 0.000000e+00, -1.188000e+02, 6.120000e+01 
738, 0.000000e+00, 8.000000e+01, 8.000000e+01, 0.000000e+00, -1.183500e+02, 6.165000e+01 
739, 0.000000e+00, 8.000000e+01, 8.000000e+01, 0.000000e+00, -1.179000e+02, 6.210000e+01 
740, 0.000000e+00, 8.000000e+01, 8.000000e+01, 0.000000e+00, -1.174500e+02, 6.255000e+01 
741, 0.000000e+00, 8.000000e+01, 8.000000e+01, 0.000000e+00, -1.170000e+02, 6.300000e+01 
742, 0.000000e+00, 8.000000e+01, 8.000000e+01, 0.000000e+00, -1.165500e+02, 6.345000e+01 
743, 0.000000e+00, 8.000000e+01, 8.000000e+01, 0.000000e+00, -1.161000e+02, 6.390000e+01 
744, 0.000000e+00, 8.000000e+01, 8.000000e+01, 0.000000e+00, -1.156500e+02, 6.435000e+01 
745, 0.000000e+00, 8.000000e+01, 8.000000e+01, 0.000000e+00, -1.152000e+02, 6.480000e+01 
746, 0.000000e+00, 8.000000e+01, 8.000000e+01, 0.000000e+00, -1.147500e+02, 6.525000e+01 
747, 0.000000e+00, 8.000000e+01, 8.000000e+01, 0.000000e+00, -1.143000e+02, 6.570000e+01 
748, 0.000000e+00, 8.000000e+01, 8.000000e+01, 0.000000e+00, -1.138500e+02, 6.615000e+01 
749, 0.000000e+00, 8.000000e+01, 8.000000e+01, 0.000000e+00, -1.134000e+02, 6.660000e+01 
750, 0.000000e+00, 8.000000e+01, 8.000000e+01, 0.000000e+00, -1.129500e+02, 6.705000e+01 
751, 0.000000e+00, 8.000000e+01, 8.000000e+01, 0.000000e+00, -1.125000e+02, 6.750000e+01 
752, 0.000000e+00, 8.000000e+01, 8.000000e+01, 0.000000e+00, -1.120500e+02, 6.795000e+01 
753, 0.000000e+00, 8.000000e+01, 8.000000e+01, 0.000000e+00, -1.116000e+02, 6.840000e+01 
754, 0.000000e+00, 8.000000e+01, 8.000000e+01, 0.000000e+00, -1.111500e+02, 6.885000e+01 
755, 0.000000e+00, 8.000000e+01, 8.000000e+01, 0.000000e+00, -1.107000e+02, 6.930000e+01 
756, 0.000000e+00, 8.000000e+01, 8.000000e+01, 0.000000e+00, -1.102500e+02, 6.975000e+01 
757, 0.000000e+00, 8.000000e+01, 8.000000e+01, 0.000000e+00, -1.098000e+02, 7.020000e+01 
758, 0.000000e+00, 8.000000e+01, 8.000000e+01, 0.000000e+00, -1.093500e+02, 7.065000e+01 
759, 0.000000e+00, 8.000000e+01, 8.000000e+01, 0.000000e+00, -1.089000e+02, 7.110000e+01 
760, 0.000000e+00, 8.000000e+01, 8.000000e+01, 0.000000e+00, -1.084500e+02, 7.155000e+01 
761, 0.000000e+00, 8.000000e+01, 8.000000e+01, 0.000000e+00, -1.080000e+02, 7.200000e+01 
762, 0.000000e+00, 8.000000e+01, 8.000000e+01, 0.000000e+00, -1.075500e+02, 7.245000e+01 
763, 0.000000e+00, 8.000000e+01, 8.000000e+01, 0.000000e+00, -1.071000e+02, 7.290000e+01 
764, 0.000000e+00, 8.000000e+01, 8.000000e+01, 0.000000e+00, -1.066500e+02, 7.335000e+01 
765, 0.000000e+00, 8.000000e+01, 8.000000e+01, 0.000000e+00, -1.062000e+02, 7.380000e+01 
766, 0.000000e+00, 8.000000e+01, 8.000000e+01, 0.000000e+00, -1.057500e+02, 7.425000e+01 
767, 0.000000e+00, 8.000000e+01, 8.000000e+01, 0.000000e+00, -1.053000e+02, 7.470000e+01 
768, 0.000000e+00, 8.000000e+01, 8.000000e+01, 0.000000e+00, -1.048500e+02, 7.515000e+01 
769, 0.000000e+00, 8.000000e+01, 8.000000e+01, 0.000000e+00, -1.044000e+02, 7.560000e+01 
770, 0.000000e+00, 8.000000e+01, 8.000000e+01, 0.000000e+00, -1.039500e+02, 7.605000e+01 
771, 0.000000e+00, 8.000000e+01, 8.000000e+01, 0.000000e+00, -1.035000e+02, 7.650000e+01 
772, 0.000000e+00, 8.000000e+01, 8.000000e+01, 0.000000e+00, -1.030500e+02, 7.695000e+01 
773, 0.000000e+00, 8.000000e+01, 8.000000e+01, 0.000000e+00, -1.026000e+02, 7.740000e+01 
774, 0.000000e+00, 8.000000e+01, 8.000000e+01, 0.000000e+00, -1.021500e+02, 7.785000e+01 
775, 0.000000e+00, 8.000000e+01, 8.000000e+01, 0.000000e+00, -1.017000e+02, 7.830000e+01 
776, 0.000000e+00, 8.000000e+01, 8.000000e+01, 0.000000e+00, -1.012500e+02, 7.875000e+01 
777, 0.000000e+00, 8.000000e+01, 8.000000e+01, 0.000000e+00, -1.008000e+02, 7.920000e+01 
778, 0.000000e+00, 8.000000e+01, 8.000000e+01, 0.000000e+00, -1.003500e+02, 7.965000e+01 
779, 0.000000e+00, 8.000000e+01, 8.000000e+01, 0.000000e+00, -9.990000e+01, 8.010000e+01 
780, 0.000000e+00, 8.000000e+01, 8.000000e+01, 0.000000e+00, -9.945000e+01, 8.055000e+01 
781, 0.000000e+00, 8.000000e+01, 8.000000e+01, 0.000000e+00, -9.900000e+01, 8.100000e+01 
782, 0.000000e+00, 8.000000e+01, 8.000000e+01, 0.000000e+00, -9.855000e+01, 8.145000e+01 
783, 0.000000e+00, 8.000000e+01, 8.000000e+01, 0.000000e+00, -9.810000e+01, 8.190000e+01 
784, 0.000000e+00, 8.000000e+01, 8.000000e+01, 0.000000e+00, -9.765000e+01, 8.235000e+01 
785, 0.000000e+00, 8.000000e+01, 8.000000e+01, 0.000000e+00, -9.720000e+01, 8.280000e+01 
786, 0.000000e+00, 8.000000e+01, 8.000000e+01, 0.000000e+00, -9.675000e+01, 8.325000e+01 
787, 0.000000e+00, 8.000000e+01, 8.000000e+01, 0.000000e+00, -9.630000e+01, 8.370000e+01 
788, 0.000000e+00, 8.000000e+01, 8.000000e+01, 0.000000e+00, -9.585000e+01, 8.415000e+01 
789, 0.000000e+00, 8.000000e+01, 8.000000e+01, 0.000000e+00, -9.540000e+01, 8.460000e+01 
790, 0.000000e+00, 8.000000e+01, 8.000000e+01, 0.000000e+00, -9.495000e+01, 8.505000e+01 
791, 0.000000e+00, 8.000000e+01, 8.000000e+01, 0.000000e+00, -9.450000e+01, 8.550000e+01 
792, 0.000000e+00, 8.000000e+01, 8.000000e+01, 0.000000e+00, -9.405000e+01, 8.595000e+01 
793, 0.000000e+00, 8.000000e+01, 8.000000e+01, 0.000000e+00, -9.360000e+01, 8.640000e+01 
794, 0.000000e+00, 8.000000e+01, 8.000000e+01, 0.000000e+00, -9.315000e+01, 8.685000e+01 
795, 0.000000e+00, 8.000000e+01, 8.000000e+01, 0.000000e+00, -9.270000e+01, 8.730000e+01 
796, 0.000000e+00, 8.000000e+01, 8.000000e+01, 0.000000e+00, -9.225000e+01, 8.775000e+01 
797, 0.000000e+00, 8.000000e+01, 8.000000e+01, 0.000000e+00, -9.180000e+01, 8.820000e+01 
798, 0.000000e+00, 8.000000e+01, 8.000000e+01, 0.000000e+00, -9.135000e+01, 8.865000e+01 
799, 0.000000e+00, 8.000000e+01, 8.000000e+01, 0.000000e+00, -9.090000e+01, 8.910000e+01 
800, 0.000000e+00, 8.000000e+01, 8.000000e+01, 0.000000e+00, -9.045000e+01, 8.955000e+01 
801, 0.000000e+00, 8.000000e+01, 8.000000e+01, 0.000000e+00, -9.000000e+01, 9.000000e+01 
