   1.5917403e-01   4.7123890e+00
   1.5917403e-01   4.7123890e+00
   1.5917403e-01   4.7123890e+00
   9.2603449e-02   4.7124535e+00
   2.8045001e-01   4.7123494e+00
   1.1511205e-01   4.7124302e+00
   7.7547989e-02   4.7214355e+00
   3.1204466e-01   4.7081126e+00
   9.8580841e-02   4.7185770e+00
   6.3471420e-02   4.7202301e+00
   3.4167165e-01   4.7096056e+00
   8.3026952e-02   4.7177181e+00
   5.0215760e-02   4.7177069e+00
   3.6966105e-01   4.7110033e+00
   6.8290236e-02   4.7159322e+00
   3.7660177e-02   4.7130267e+00
   3.9625568e-01   4.7122724e+00
   5.4249715e-02   4.7127971e+00
   2.5721064e-02   4.6808921e+00
   4.2165174e-01   4.7160937e+00
   4.0815434e-02   4.6939074e+00
   1.4292268e-02   4.6762844e+00
   4.4599375e-01   4.7146256e+00
   2.7894250e-02   4.6949456e+00
   3.3282379e-03   4.6653647e+00
   4.6940655e-01   4.7130339e+00
   1.5435285e-02   4.7027808e+00
  -7.2281192e-03   4.6560276e+00
   4.9199076e-01   4.7107849e+00
   3.4143860e-03   4.8266683e+00
  -1.7383590e-02   4.7017763e+00
   5.1382737e-01   4.7116916e+00
  -8.2809451e-03   4.6908631e+00
  -2.7208813e-02   4.7163716e+00
   5.3498868e-01   4.7127826e+00
  -1.9614721e-02   4.7177388e+00
  -3.6726067e-02   4.7216104e+00
   5.5553438e-01   4.7135757e+00
  -3.0645660e-02   4.7231878e+00
  -4.5957330e-02   4.7236431e+00
   5.7551252e-01   4.7141404e+00
  -4.1394734e-02   4.7246918e+00
  -5.4928027e-02   4.7262225e+00
   5.9497225e-01   4.7148801e+00
  -5.1887428e-02   4.7268841e+00
  -6.3653618e-02   4.7246922e+00
   6.1395072e-01   4.7148794e+00
  -6.2139267e-02   4.7249297e+00
  -7.2154129e-02   4.7230222e+00
   6.3248349e-01   4.7147592e+00
  -7.2170138e-02   4.7230153e+00
  -8.0442770e-02   4.7201084e+00
   6.5059856e-01   4.7142554e+00
  -8.1993816e-02   4.7199979e+00
  -8.8536318e-02   4.7190675e+00
   6.6832582e-01   4.7141201e+00
  -9.1626770e-02   4.7188997e+00
  -9.6445762e-02   4.7182286e+00
   6.8568905e-01   4.7139971e+00
  -1.0108001e-01   4.7180332e+00
