1, -9.120000e+00, -9.120000e+00, -9.120000e+00, 9.000000e+01, 9.000000e+01, 9.000000e+01 
2, -5.305771e+00, -1.606863e+01, -6.595419e+00, 9.000283e+01, 8.999831e+01, 9.000163e+01 
3, -4.442639e+00, -1.787960e+01, -5.647724e+00, 9.029275e+01, 8.986176e+01, 9.019971e+01 
4, -3.636323e+00, -1.957680e+01, -4.756780e+00, 8.974655e+01, 9.008970e+01, 8.982994e+01 
5, -2.877197e+00, -2.117994e+01, -3.912787e+00, 9.032359e+01, 8.991570e+01, 9.021537e+01 
6, -2.157770e+00, -2.270378e+01, -3.108274e+00, 8.993311e+01, 9.001223e+01, 8.995731e+01 
7, -1.473100e+00, -2.415879e+01, -2.338217e+00, 9.083777e+01, 8.990150e+01, 9.049096e+01 
8, -8.184533e-01, -2.555351e+01, -1.598027e+00, 9.092031e+01, 8.994304e+01, 9.044348e+01 
9, -1.905225e-01, -2.689500e+01, -8.843464e-01, 9.111247e+01, 8.998474e+01, 9.022793e+01 
10, 4.135825e-01, -2.818908e+01, -1.943715e-01, 9.078189e+01, 9.002233e+01, 8.837882e+01 
11, 9.960076e-01, -2.944023e+01, 4.743934e-01, 9.004434e+01, 9.000292e+01, 9.008920e+01 
12, 1.558931e+00, -3.065256e+01, 1.123818e+00, 9.015727e+01, 9.001556e+01, 9.021231e+01 
13, 2.104426e+00, -3.182988e+01, 1.756090e+00, 9.087746e+01, 9.011290e+01, 9.102723e+01 
14, 2.633366e+00, -3.297445e+01, 2.371968e+00, 9.100130e+01, 9.015583e+01, 9.109430e+01 
15, 3.147291e+00, -3.408940e+01, 2.973086e+00, 9.099898e+01, 9.017991e+01, 9.104698e+01 
16, 3.647268e+00, -3.517681e+01, 3.560511e+00, 9.094265e+01, 9.019081e+01, 9.096072e+01 
17, 4.134286e+00, -3.623864e+01, 4.135232e+00, 9.084493e+01, 9.018836e+01, 9.084495e+01 
18, 4.609194e+00, -3.727661e+01, 4.698072e+00, 9.067698e+01, 9.016366e+01, 9.066671e+01 
19, 5.072781e+00, -3.829226e+01, 5.249849e+00, 9.041923e+01, 9.010867e+01, 9.040868e+01 
20, 5.525921e+00, -3.928709e+01, 5.791431e+00, 9.028076e+01, 9.007732e+01, 9.027137e+01 
21, 5.723427e+00, -3.965561e+01, 5.966600e+00, 9.257172e+01, 9.087051e+01, 8.816632e+01 
22, 6.304063e+00, -4.074506e+01, 6.485699e+00, 9.429447e+01, 9.159463e+01, 8.643953e+01 
23, 7.233481e+00, -4.250939e+01, 7.342877e+00, 9.401581e+01, 9.179412e+01, 8.407328e+01 
24, 8.499496e+00, -4.487703e+01, 8.428774e+00, 9.616338e+01, 9.290487e+01, 8.526523e+01 
25, 1.004577e+01, -4.777089e+01, 9.753087e+00, 9.738467e+01, 9.382244e+01, 8.637603e+01 
26, 1.187693e+01, -5.110567e+01, 1.120445e+01, 1.012308e+02, 9.601442e+01, 9.066571e+01 
27, 1.393247e+01, -5.481021e+01, 1.282662e+01, 1.045504e+02, 9.823047e+01, 9.472227e+01 
28, 1.603348e+01, -5.881124e+01, 1.466191e+01, 1.026997e+02, 9.792565e+01, 9.345119e+01 
29, 1.826643e+01, -6.305862e+01, 1.664323e+01, 9.989536e+01, 9.692314e+01, 9.119042e+01 
30, 2.066591e+01, -6.749114e+01, 1.862936e+01, 9.977586e+01, 9.727201e+01, 9.167546e+01 
31, 2.314875e+01, -7.207916e+01, 2.071986e+01, 9.840245e+01, 9.680943e+01, 9.080220e+01 
32, 2.572085e+01, -7.678952e+01, 2.288362e+01, 9.656085e+01, 9.594733e+01, 8.938618e+01 
33, 2.843341e+01, -8.150726e+01, 2.465599e+01, 1.036307e+02, 1.007977e+02, 9.716725e+01 
34, 3.107878e+01, -8.635130e+01, 2.683770e+01, 1.011453e+02, 9.946432e+01, 9.494498e+01 
35, 3.356768e+01, -9.000000e+01, 2.797707e+01, 1.124399e+02, 1.074922e+02, 1.069322e+02 
36, 3.409392e+01, -9.000000e+01, 2.752773e+01, 1.167167e+02, 1.106771e+02, 1.107518e+02 
37, 3.509452e+01, -9.000000e+01, 2.679042e+01, 1.247936e+02, 1.166620e+02, 1.185913e+02 
38, 4.219920e+01, -9.000000e+01, 2.204739e+01, 1.592690e+02, 1.441160e+02, 1.580349e+02 
39, 4.930388e+01, -9.000000e+01, 1.494271e+01, 1.757580e+02, 1.595479e+02, 1.910963e+02 
40, 5.640855e+01, -8.289532e+01, 1.656410e+01, 1.837338e+02, 1.675782e+02, 3.195431e+02 
41, 6.024688e+01, -8.740917e+01, 1.772641e+01, 1.837282e+02, 1.684012e+02, 3.201011e+02 
42, 6.220388e+01, -8.960136e+01, 1.917344e+01, 1.830435e+02, 1.681157e+02, 3.233488e+02 
43, 6.366210e+01, -9.000000e+01, 2.257287e+01, 1.826802e+02, 1.679526e+02, 3.286079e+02 
44, 6.494127e+01, -9.000000e+01, 2.640695e+01, 1.823726e+02, 1.677783e+02, 3.327282e+02 
45, 6.615197e+01, -8.999848e+01, 3.018807e+01, 1.820584e+02, 1.675712e+02, 3.356975e+02 
46, 6.730217e+01, -9.000000e+01, 3.388193e+01, 1.817419e+02, 1.673394e+02, 3.379219e+02 
47, 6.839088e+01, -8.998686e+01, 3.749214e+01, 1.814291e+02, 1.670894e+02, 3.396481e+02 
48, 6.943409e+01, -8.999348e+01, 4.097295e+01, 1.811179e+02, 1.668253e+02, 3.410060e+02 
49, 7.042708e+01, -8.999609e+01, 4.434417e+01, 1.808131e+02, 1.665514e+02, 3.421018e+02 
50, 7.097661e+01, -8.898415e+01, 4.864306e+01, 1.806376e+02, 1.662733e+02, 3.432715e+02 
51, 7.199375e+01, -8.929552e+01, 5.145010e+01, 1.803096e+02, 1.659852e+02, 3.439060e+02 
52, 7.295362e+01, -8.954931e+01, 5.419628e+01, 1.799992e+02, 1.656988e+02, 3.444496e+02 
53, 7.363265e+01, -8.921905e+01, 5.740570e+01, 1.797655e+02, 1.654086e+02, 3.450186e+02 
54, 7.422464e+01, -8.878636e+01, 6.058114e+01, 1.795521e+02, 1.651168e+02, 3.455127e+02 
55, 7.549449e+01, -8.996941e+01, 6.201551e+01, 1.791733e+02, 1.648637e+02, 3.456626e+02 
56, 7.623221e+01, -9.000000e+01, 6.446206e+01, 1.789323e+02, 1.645977e+02, 3.459580e+02 
57, 7.692773e+01, -9.000000e+01, 6.679736e+01, 1.787060e+02, 1.643408e+02, 3.462069e+02 
58, 7.743404e+01, -8.965325e+01, 6.932672e+01, 1.785275e+02, 1.640847e+02, 3.464591e+02 
59, 7.806869e+01, -8.963689e+01, 7.138219e+01, 1.783259e+02, 1.638512e+02, 3.466229e+02 
60, 7.856469e+01, -8.938008e+01, 7.351825e+01, 1.781608e+02, 1.636239e+02, 3.467819e+02 
61, 7.879864e+01, -8.863864e+01, 7.596445e+01, 1.780561e+02, 1.633915e+02, 3.469660e+02 
62, 7.969305e+01, -8.927679e+01, 7.691652e+01, 1.778252e+02, 1.632363e+02, 3.469514e+02 
63, 8.059650e+01, -8.995279e+01, 7.766991e+01, 1.776040e+02, 1.631047e+02, 3.469081e+02 
64, 8.117129e+01, -9.000000e+01, 7.886321e+01, 1.774588e+02, 1.629685e+02, 3.469161e+02 
65, 8.166722e+01, -8.992320e+01, 8.000504e+01, 1.773392e+02, 1.628503e+02, 3.469151e+02 
66, 8.222259e+01, -8.999423e+01, 8.083088e+01, 1.772187e+02, 1.627639e+02, 3.468749e+02 
67, 8.193148e+01, -8.846371e+01, 8.301304e+01, 1.772671e+02, 1.626239e+02, 3.469960e+02 
68, 8.155883e+01, -8.682893e+01, 8.510663e+01, 1.773373e+02, 1.624962e+02, 3.471037e+02 
69, 8.106429e+01, -8.501188e+01, 8.718296e+01, 1.774372e+02, 1.623765e+02, 3.472084e+02 
70, 8.228921e+01, -8.650824e+01, 8.594066e+01, 1.772412e+02, 1.624940e+02, 3.469421e+02 
71, 8.115934e+01, -8.357176e+01, 8.870286e+01, 1.774752e+02, 1.623611e+02, 3.471341e+02 
72, 8.166468e+01, -8.379000e+01, 8.830597e+01, 1.774325e+02, 1.624664e+02, 3.469769e+02 
73, 7.917311e+01, -7.837842e+01, 9.298100e+01, 1.779196e+02, 1.621769e+02, 3.473827e+02 
74, 7.802919e+01, -7.557070e+01, 9.501471e+01, 1.781834e+02, 1.620891e+02, 3.475016e+02 
75, 7.700937e+01, -7.304555e+01, 9.658970e+01, 1.784391e+02, 1.620469e+02, 3.475795e+02 
76, 7.607289e+01, -7.072859e+01, 9.778104e+01, 1.786951e+02, 1.620511e+02, 3.476272e+02 
77, 7.414566e+01, -6.657562e+01, 1.004317e+02, 1.791328e+02, 1.618496e+02, 3.478258e+02 
78, 7.524772e+01, -6.827960e+01, 9.764086e+01, 1.790776e+02, 1.624147e+02, 3.475022e+02 
79, 7.774969e+01, -7.286320e+01, 9.207885e+01, 1.787930e+02, 1.632562e+02, 3.468705e+02 
80, 7.705722e+01, -7.134934e+01, 9.187171e+01, 1.790674e+02, 1.635101e+02, 3.468164e+02 
81, 7.550511e+01, -6.821687e+01, 9.295449e+01, 1.795080e+02, 1.636446e+02, 3.469196e+02 
82, 7.485161e+01, -6.696280e+01, 9.218931e+01, 1.798086e+02, 1.639935e+02, 3.468270e+02 
83, 7.264889e+01, -6.267578e+01, 9.395284e+01, 1.804037e+02, 1.640591e+02, 3.470307e+02 
84, 7.074248e+01, -5.905449e+01, 9.494555e+01, 1.809709e+02, 1.642034e+02, 3.471581e+02 
85, 6.973909e+01, -5.736675e+01, 9.410446e+01, 1.813947e+02, 1.646115e+02, 3.470953e+02 
86, 6.943631e+01, -5.725544e+01, 9.177588e+01, 1.817027e+02, 1.652417e+02, 3.468700e+02 
87, 6.811645e+01, -5.514732e+01, 9.104168e+01, 1.822239e+02, 1.656679e+02, 3.468337e+02 
88, 6.779142e+01, -5.527612e+01, 8.827737e+01, 1.825649e+02, 1.663717e+02, 3.465544e+02 
89, 6.716560e+01, -5.491749e+01, 8.582338e+01, 1.829792e+02, 1.670342e+02, 3.463039e+02 
90, 6.689089e+01, -5.548632e+01, 8.247436e+01, 1.833310e+02, 1.677844e+02, 3.459149e+02 
91, 6.627920e+01, -5.548067e+01, 7.952044e+01, 1.837647e+02, 1.684830e+02, 3.455564e+02 
92, 6.540264e+01, -5.503406e+01, 7.685493e+01, 1.842697e+02, 1.691545e+02, 3.452191e+02 
93, 6.456102e+01, -5.481411e+01, 7.390939e+01, 1.847802e+02, 1.698430e+02, 3.448076e+02 
94, 6.354589e+01, -5.433698e+01, 7.110637e+01, 1.853460e+02, 1.705199e+02, 3.443876e+02 
95, 6.302979e+01, -5.518990e+01, 6.707418e+01, 1.857993e+02, 1.712403e+02, 3.436667e+02 
96, 6.302979e+01, -5.518990e+01, 6.707418e+01, 1.857993e+02, 1.712403e+02, 3.436667e+02 
97, 6.161195e+01, -5.403059e+01, 6.472327e+01, 1.864967e+02, 1.718927e+02, 3.432488e+02 
98, 6.049919e+01, -5.373112e+01, 6.156181e+01, 1.871328e+02, 1.725668e+02, 3.425874e+02 
99, 5.923111e+01, -5.317091e+01, 5.857357e+01, 1.878304e+02, 1.732333e+02, 3.418945e+02 
100, 5.881009e+01, -5.490630e+01, 5.350230e+01, 1.882918e+02, 1.738886e+02, 3.404230e+02 
101, 5.715806e+01, -5.360571e+01, 5.108216e+01, 1.891407e+02, 1.745395e+02, 3.396752e+02 
102, 5.617421e+01, -5.417756e+01, 4.695511e+01, 1.898004e+02, 1.751603e+02, 3.380932e+02 
103, 5.518225e+01, -5.488524e+01, 4.267208e+01, 1.904762e+02, 1.757554e+02, 3.360777e+02 
104, 5.372574e+01, -5.442163e+01, 3.944183e+01, 1.913360e+02, 1.763671e+02, 3.342609e+02 
105, 5.195583e+01, -5.312218e+01, 3.698236e+01, 1.923498e+02, 1.770029e+02, 3.326639e+02 
106, 5.065483e+01, -5.327422e+01, 3.323652e+01, 1.932201e+02, 1.775770e+02, 3.295996e+02 
107, 4.891533e+01, -5.215639e+01, 3.069681e+01, 1.943126e+02, 1.781972e+02, 3.270591e+02 
108, 4.701696e+01, -5.053545e+01, 2.867578e+01, 1.955359e+02, 1.788389e+02, 3.246717e+02 
109, 4.543797e+01, -4.993447e+01, 2.587016e+01, 1.966754e+02, 1.794244e+02, 3.204584e+02 
110, 4.363572e+01, -4.856031e+01, 2.387539e+01, 1.979912e+02, 1.800416e+02, 3.166942e+02 
111, 4.188685e+01, -4.728941e+01, 2.197044e+01, 1.993577e+02, 1.806414e+02, 3.121483e+02 
112, 4.011927e+01, -4.582720e+01, 2.041936e+01, 2.008162e+02, 1.812319e+02, 3.074640e+02 
113, 3.840859e+01, -4.439909e+01, 1.907513e+01, 2.023239e+02, 1.817886e+02, 3.022792e+02 
114, 3.672919e+01, -4.285287e+01, 1.804728e+01, 2.038864e+02, 1.822989e+02, 2.972767e+02 
115, 3.505610e+01, -4.101143e+01, 1.738533e+01, 2.055007e+02, 1.827364e+02, 2.935850e+02 
116, 3.349119e+01, -3.921734e+01, 1.686504e+01, 2.070679e+02, 1.830433e+02, 2.904765e+02 
117, 3.225388e+01, -3.836974e+01, 1.617092e+01, 2.083790e+02, 1.831549e+02, 2.844623e+02 
118, 3.103456e+01, -3.707999e+01, 1.578593e+01, 2.095740e+02, 1.830447e+02, 2.817075e+02 
119, 3.005452e+01, -3.626632e+01, 1.539198e+01, 2.104198e+02, 1.826550e+02, 2.786412e+02 
120, 2.930993e+01, -3.586848e+01, 1.500888e+01, 2.108438e+02, 1.819710e+02, 2.758072e+02 
121, 2.870671e+01, -3.531570e+01, 1.469077e+01, 2.109028e+02, 1.810230e+02, 2.765038e+02 
122, 2.834513e+01, -3.500247e+01, 1.442704e+01, 2.105445e+02, 1.799073e+02, 2.790055e+02 
123, 2.827880e+01, -3.514546e+01, 1.423760e+01, 2.097698e+02, 1.787351e+02, 2.821706e+02 
124, 2.849973e+01, -3.568443e+01, 1.417447e+01, 2.086622e+02, 1.776081e+02, 2.860915e+02 
125, 2.903982e+01, -3.682148e+01, 1.415967e+01, 2.072420e+02, 1.765784e+02, 2.894105e+02 
126, 2.977764e+01, -3.799717e+01, 1.443711e+01, 2.057461e+02, 1.756997e+02, 2.944228e+02 
127, 3.053285e+01, -3.849197e+01, 1.555155e+01, 2.044485e+02, 1.749940e+02, 3.031242e+02 
128, 3.179227e+01, -4.071707e+01, 1.584143e+01, 2.026831e+02, 1.743354e+02, 3.056586e+02 
129, 3.311772e+01, -4.269165e+01, 1.656887e+01, 2.010637e+02, 1.737841e+02, 3.095888e+02 
130, 3.490177e+01, -4.622687e+01, 1.622923e+01, 1.991268e+02, 1.732472e+02, 3.090356e+02 
131, 3.681465e+01, -4.994059e+01, 1.585909e+01, 1.972752e+02, 1.727466e+02, 3.083100e+02 
132, 3.866846e+01, -5.303961e+01, 1.609814e+01, 1.956952e+02, 1.723156e+02, 3.099502e+02 
133, 4.076024e+01, -5.692021e+01, 1.574850e+01, 1.940453e+02, 1.718623e+02, 3.093069e+02 
134, 4.289471e+01, -6.074817e+01, 1.549319e+01, 1.925168e+02, 1.714255e+02, 3.090161e+02 
135, 4.506039e+01, -6.450621e+01, 1.533372e+01, 1.911007e+02, 1.710028e+02, 3.091057e+02 
136, 4.727083e+01, -6.828925e+01, 1.517420e+01, 1.897650e+02, 1.705832e+02, 3.092093e+02 
137, 4.949000e+01, -7.195847e+01, 1.512875e+01, 1.885285e+02, 1.701762e+02, 3.097648e+02 
138, 5.175173e+01, -7.569443e+01, 1.502425e+01, 1.873442e+02, 1.697635e+02, 3.101108e+02 
139, 5.404302e+01, -7.945615e+01, 1.488694e+01, 1.862124e+02, 1.693466e+02, 3.103565e+02 
140, 5.628167e+01, -8.288704e+01, 1.504852e+01, 1.851969e+02, 1.689601e+02, 3.116739e+02 
141, 5.847139e+01, -8.603251e+01, 1.547686e+01, 1.842797e+02, 1.685999e+02, 3.137692e+02 
142, 6.054965e+01, -8.865957e+01, 1.642434e+01, 1.834966e+02, 1.682872e+02, 3.170573e+02 
143, 6.230113e+01, -8.998015e+01, 1.876665e+01, 1.829766e+02, 1.680845e+02, 3.226228e+02 
144, 6.366210e+01, -9.000000e+01, 2.257287e+01, 1.826802e+02, 1.679526e+02, 3.286079e+02 
145, 6.494127e+01, -9.000000e+01, 2.640695e+01, 1.823726e+02, 1.677783e+02, 3.327282e+02 
146, 6.615197e+01, -8.999848e+01, 3.018807e+01, 1.820584e+02, 1.675712e+02, 3.356975e+02 
147, 6.730217e+01, -9.000000e+01, 3.388193e+01, 1.817419e+02, 1.673394e+02, 3.379219e+02 
148, 6.839088e+01, -8.998686e+01, 3.749214e+01, 1.814291e+02, 1.670894e+02, 3.396481e+02 
149, 6.943409e+01, -8.999348e+01, 4.097295e+01, 1.811179e+02, 1.668253e+02, 3.410060e+02 
150, 7.042708e+01, -8.999609e+01, 4.434417e+01, 1.808131e+02, 1.665514e+02, 3.421018e+02 
151, 7.097661e+01, -8.898416e+01, 4.864305e+01, 1.806376e+02, 1.662733e+02, 3.432715e+02 
152, 7.199375e+01, -8.929551e+01, 5.145011e+01, 1.803096e+02, 1.659852e+02, 3.439060e+02 
153, 7.295361e+01, -8.954931e+01, 5.419628e+01, 1.799992e+02, 1.656988e+02, 3.444496e+02 
154, 7.363265e+01, -8.921904e+01, 5.740570e+01, 1.797655e+02, 1.654086e+02, 3.450186e+02 
155, 7.422463e+01, -8.878634e+01, 6.058116e+01, 1.795521e+02, 1.651168e+02, 3.455127e+02 
156, 7.549449e+01, -8.996941e+01, 6.201551e+01, 1.791733e+02, 1.648637e+02, 3.456626e+02 
157, 7.623221e+01, -9.000000e+01, 6.446206e+01, 1.789323e+02, 1.645977e+02, 3.459580e+02 
158, 7.692773e+01, -9.000000e+01, 6.679736e+01, 1.787060e+02, 1.643408e+02, 3.462069e+02 
159, 7.743405e+01, -8.965325e+01, 6.932672e+01, 1.785275e+02, 1.640847e+02, 3.464591e+02 
160, 7.806869e+01, -8.963689e+01, 7.138219e+01, 1.783259e+02, 1.638512e+02, 3.466229e+02 
161, 7.856470e+01, -8.938010e+01, 7.351823e+01, 1.781608e+02, 1.636239e+02, 3.467819e+02 
162, 7.879871e+01, -8.863879e+01, 7.596431e+01, 1.780561e+02, 1.633915e+02, 3.469660e+02 
163, 7.969322e+01, -8.927712e+01, 7.691620e+01, 1.778251e+02, 1.632363e+02, 3.469514e+02 
164, 8.059648e+01, -8.995276e+01, 7.766994e+01, 1.776040e+02, 1.631047e+02, 3.469081e+02 
165, 8.117129e+01, -9.000000e+01, 7.886321e+01, 1.774588e+02, 1.629685e+02, 3.469161e+02 
166, 8.166722e+01, -8.992320e+01, 8.000504e+01, 1.773392e+02, 1.628503e+02, 3.469151e+02 
167, 8.222259e+01, -8.999423e+01, 8.083088e+01, 1.772187e+02, 1.627639e+02, 3.468749e+02 
168, 8.193149e+01, -8.846373e+01, 8.301303e+01, 1.772671e+02, 1.626239e+02, 3.469960e+02 
169, 8.155963e+01, -8.683047e+01, 8.510517e+01, 1.773372e+02, 1.624963e+02, 3.471036e+02 
170, 8.106516e+01, -8.501352e+01, 8.718141e+01, 1.774371e+02, 1.623766e+02, 3.472083e+02 
171, 8.229004e+01, -8.650983e+01, 8.593916e+01, 1.772411e+02, 1.624941e+02, 3.469419e+02 
172, 8.115909e+01, -8.357130e+01, 8.870329e+01, 1.774752e+02, 1.623610e+02, 3.471342e+02 
173, 8.166451e+01, -8.378968e+01, 8.830627e+01, 1.774325e+02, 1.624664e+02, 3.469769e+02 
174, 7.917292e+01, -7.837806e+01, 9.298133e+01, 1.779196e+02, 1.621768e+02, 3.473827e+02 
175, 7.802901e+01, -7.557036e+01, 9.501502e+01, 1.781835e+02, 1.620891e+02, 3.475016e+02 
176, 7.700920e+01, -7.304522e+01, 9.658999e+01, 1.784391e+02, 1.620468e+02, 3.475796e+02 
177, 7.607271e+01, -7.072825e+01, 9.778135e+01, 1.786951e+02, 1.620511e+02, 3.476273e+02 
178, 7.414525e+01, -6.657484e+01, 1.004324e+02, 1.791328e+02, 1.618495e+02, 3.478258e+02 
179, 7.524539e+01, -6.827512e+01, 9.764489e+01, 1.790780e+02, 1.624142e+02, 3.475026e+02 
180, 7.774779e+01, -7.285948e+01, 9.208223e+01, 1.787933e+02, 1.632558e+02, 3.468709e+02 
181, 7.705466e+01, -7.134429e+01, 9.187627e+01, 1.790679e+02, 1.635097e+02, 3.468170e+02 
182, 7.550270e+01, -6.821208e+01, 9.295878e+01, 1.795084e+02, 1.636441e+02, 3.469200e+02 
183, 7.484901e+01, -6.695757e+01, 9.219396e+01, 1.798091e+02, 1.639930e+02, 3.468275e+02 
184, 7.264640e+01, -6.267075e+01, 9.395726e+01, 1.804042e+02, 1.640585e+02, 3.470312e+02 
185, 7.074159e+01, -5.905268e+01, 9.494712e+01, 1.809710e+02, 1.642032e+02, 3.471583e+02 
186, 6.973825e+01, -5.736500e+01, 9.410597e+01, 1.813948e+02, 1.646113e+02, 3.470955e+02 
187, 6.943546e+01, -5.725366e+01, 9.177741e+01, 1.817029e+02, 1.652415e+02, 3.468701e+02 
188, 6.811558e+01, -5.514547e+01, 9.104326e+01, 1.822241e+02, 1.656677e+02, 3.468339e+02 
189, 6.779049e+01, -5.527413e+01, 8.827908e+01, 1.825651e+02, 1.663715e+02, 3.465546e+02 
190, 6.716426e+01, -5.491458e+01, 8.582587e+01, 1.829795e+02, 1.670339e+02, 3.463042e+02 
191, 6.688959e+01, -5.548345e+01, 8.247683e+01, 1.833312e+02, 1.677842e+02, 3.459153e+02 
192, 6.627795e+01, -5.547785e+01, 7.952286e+01, 1.837650e+02, 1.684828e+02, 3.455567e+02 
193, 6.540111e+01, -5.503058e+01, 7.685793e+01, 1.842701e+02, 1.691543e+02, 3.452196e+02 
194, 6.456048e+01, -5.481286e+01, 7.391047e+01, 1.847804e+02, 1.698429e+02, 3.448078e+02 
195, 6.354554e+01, -5.433616e+01, 7.110708e+01, 1.853461e+02, 1.705198e+02, 3.443877e+02 
196, 6.302953e+01, -5.518929e+01, 6.707472e+01, 1.857993e+02, 1.712402e+02, 3.436668e+02 
197, 6.302953e+01, -5.518929e+01, 6.707472e+01, 1.857993e+02, 1.712402e+02, 3.436668e+02 
198, 6.161167e+01, -5.402992e+01, 6.472385e+01, 1.864968e+02, 1.718927e+02, 3.432489e+02 
199, 6.049892e+01, -5.373046e+01, 6.156239e+01, 1.871328e+02, 1.725668e+02, 3.425876e+02 
200, 5.923084e+01, -5.317024e+01, 5.857416e+01, 1.878305e+02, 1.732333e+02, 3.418947e+02 
201, 5.880984e+01, -5.490566e+01, 5.350288e+01, 1.882919e+02, 1.738886e+02, 3.404232e+02 
202, 5.715780e+01, -5.360502e+01, 5.108278e+01, 1.891408e+02, 1.745396e+02, 3.396754e+02 
203, 5.617397e+01, -5.417689e+01, 4.695572e+01, 1.898005e+02, 1.751603e+02, 3.380934e+02 
204, 5.518191e+01, -5.488429e+01, 4.267295e+01, 1.904763e+02, 1.757555e+02, 3.360782e+02 
205, 5.372532e+01, -5.442043e+01, 3.944293e+01, 1.913361e+02, 1.763671e+02, 3.342616e+02 
206, 5.195542e+01, -5.312097e+01, 3.698346e+01, 1.923499e+02, 1.770029e+02, 3.326648e+02 
207, 5.065392e+01, -5.327143e+01, 3.323905e+01, 1.932205e+02, 1.775771e+02, 3.296020e+02 
208, 4.886009e+01, -5.198315e+01, 3.085163e+01, 1.943366e+02, 1.782052e+02, 3.272392e+02 
209, 4.695986e+01, -5.035205e+01, 2.883679e+01, 1.955622e+02, 1.788481e+02, 3.248926e+02 
210, 4.538255e+01, -4.974902e+01, 2.602797e+01, 1.967024e+02, 1.794340e+02, 3.207398e+02 
211, 4.356554e+01, -4.831783e+01, 2.407339e+01, 1.980275e+02, 1.800545e+02, 3.171329e+02 
212, 4.167801e+01, -4.654428e+01, 2.254590e+01, 1.994718e+02, 1.806814e+02, 3.137392e+02 
213, 3.987328e+01, -4.491968e+01, 2.106950e+01, 2.009580e+02, 1.812793e+02, 3.097335e+02 
214, 3.806243e+01, -4.307990e+01, 1.993460e+01, 2.025338e+02, 1.818533e+02, 3.060706e+02 
215, 3.637833e+01, -4.146965e+01, 1.884409e+01, 2.041090e+02, 1.823590e+02, 3.017896e+02 
216, 3.486090e+01, -4.021562e+01, 1.777974e+01, 2.056298e+02, 1.827648e+02, 2.964765e+02 
217, 3.294384e+01, -3.698333e+01, 1.794233e+01, 2.074661e+02, 1.831202e+02, 2.986812e+02 
218, 3.164270e+01, -3.577024e+01, 1.719117e+01, 2.088406e+02, 1.832129e+02, 2.950083e+02 
219, 3.051048e+01, -3.477608e+01, 1.655325e+01, 2.099965e+02, 1.830757e+02, 2.916583e+02 
220, 2.958337e+01, -3.410635e+01, 1.598389e+01, 2.108289e+02, 1.826686e+02, 2.885583e+02 
221, 2.881818e+01, -3.351184e+01, 1.556850e+01, 2.113174e+02, 1.819846e+02, 2.871535e+02 
222, 2.832591e+01, -3.342067e+01, 1.515144e+01, 2.113216e+02, 1.810489e+02, 2.859022e+02 
223, 2.811285e+01, -3.380816e+01, 1.475509e+01, 2.108357e+02, 1.799385e+02, 2.850393e+02 
224, 2.810372e+01, -3.423298e+01, 1.454797e+01, 2.100137e+02, 1.787703e+02, 2.867529e+02 
225, 2.834074e+01, -3.486197e+01, 1.452445e+01, 2.088969e+02, 1.776459e+02, 2.900919e+02 
226, 2.880394e+01, -3.562672e+01, 1.477290e+01, 2.075946e+02, 1.766364e+02, 2.949218e+02 
227, 2.951171e+01, -3.670237e+01, 1.522411e+01, 2.061318e+02, 1.757586e+02, 2.998863e+02 
228, 3.054005e+01, -3.852514e+01, 1.552821e+01, 2.044387e+02, 1.749927e+02, 3.030021e+02 
229, 3.181344e+01, -4.081322e+01, 1.576944e+01, 2.026558e+02, 1.743317e+02, 3.053235e+02 
230, 3.308839e+01, -4.256389e+01, 1.667234e+01, 2.010985e+02, 1.737884e+02, 3.099800e+02 
231, 3.476521e+01, -4.562584e+01, 1.672658e+01, 1.992816e+02, 1.732725e+02, 3.108965e+02 
232, 3.649574e+01, -4.853214e+01, 1.705291e+01, 1.976202e+02, 1.728155e+02, 3.126511e+02 
233, 3.850230e+01, -5.230403e+01, 1.673621e+01, 1.958673e+02, 1.723562e+02, 3.122033e+02 
234, 4.053725e+01, -5.592273e+01, 1.662524e+01, 1.942698e+02, 1.719255e+02, 3.124290e+02 
235, 4.226971e+01, -5.801726e+01, 1.798356e+01, 1.931054e+02, 1.715972e+02, 3.169235e+02 
236, 4.437562e+01, -6.151675e+01, 1.810862e+01, 1.917247e+02, 1.712059e+02, 3.176960e+02 
237, 4.651641e+01, -6.500485e+01, 1.827579e+01, 1.904321e+02, 1.708211e+02, 3.185441e+02 
238, 4.869803e+01, -6.853082e+01, 1.842396e+01, 1.892081e+02, 1.704371e+02, 3.193204e+02 
239, 5.095285e+01, -7.224609e+01, 1.838684e+01, 1.880163e+02, 1.700413e+02, 3.196708e+02 
240, 5.318391e+01, -7.577125e+01, 1.853388e+01, 1.869202e+02, 1.696569e+02, 3.204231e+02 
241, 5.548031e+01, -7.948223e+01, 1.847361e+01, 1.858424e+02, 1.692570e+02, 3.207346e+02 
242, 5.777193e+01, -8.310623e+01, 1.847573e+01, 1.848267e+02, 1.688598e+02, 3.211828e+02 
243, 6.009323e+01, -8.679134e+01, 1.837796e+01, 1.838400e+02, 1.684535e+02, 3.214393e+02 
244, 6.209211e+01, -8.917047e+01, 1.963744e+01, 1.831189e+02, 1.681502e+02, 3.241370e+02 
245, 6.347058e+01, -8.931875e+01, 2.331849e+01, 1.827911e+02, 1.679969e+02, 3.294759e+02 
246, 6.494127e+01, -9.000000e+01, 2.640695e+01, 1.823727e+02, 1.677783e+02, 3.327282e+02 
247, 6.615197e+01, -8.999848e+01, 3.018807e+01, 1.820584e+02, 1.675712e+02, 3.356975e+02 
248, 6.730217e+01, -9.000000e+01, 3.388193e+01, 1.817419e+02, 1.673394e+02, 3.379219e+02 
249, 6.839088e+01, -8.998685e+01, 3.749214e+01, 1.814291e+02, 1.670894e+02, 3.396481e+02 
250, 6.943409e+01, -8.999348e+01, 4.097295e+01, 1.811179e+02, 1.668253e+02, 3.410060e+02 
251, 7.042708e+01, -8.999609e+01, 4.434417e+01, 1.808131e+02, 1.665514e+02, 3.421018e+02 
252, 7.097661e+01, -8.898415e+01, 4.864306e+01, 1.806376e+02, 1.662733e+02, 3.432715e+02 
253, 7.199375e+01, -8.929550e+01, 5.145011e+01, 1.803096e+02, 1.659852e+02, 3.439060e+02 
254, 7.295361e+01, -8.954931e+01, 5.419628e+01, 1.799992e+02, 1.656988e+02, 3.444496e+02 
255, 7.363265e+01, -8.921904e+01, 5.740570e+01, 1.797655e+02, 1.654086e+02, 3.450186e+02 
256, 7.422464e+01, -8.878636e+01, 6.058114e+01, 1.795521e+02, 1.651168e+02, 3.455127e+02 
257, 7.549449e+01, -8.996941e+01, 6.201551e+01, 1.791733e+02, 1.648637e+02, 3.456626e+02 
258, 7.623221e+01, -9.000000e+01, 6.446206e+01, 1.789323e+02, 1.645977e+02, 3.459580e+02 
259, 7.692773e+01, -9.000000e+01, 6.679736e+01, 1.787060e+02, 1.643408e+02, 3.462069e+02 
260, 7.743404e+01, -8.965325e+01, 6.932672e+01, 1.785275e+02, 1.640847e+02, 3.464591e+02 
261, 7.806869e+01, -8.963689e+01, 7.138219e+01, 1.783259e+02, 1.638512e+02, 3.466229e+02 
262, 7.856468e+01, -8.938007e+01, 7.351826e+01, 1.781608e+02, 1.636239e+02, 3.467819e+02 
263, 7.879860e+01, -8.863855e+01, 7.596454e+01, 1.780561e+02, 1.633915e+02, 3.469661e+02 
264, 7.969293e+01, -8.927655e+01, 7.691676e+01, 1.778252e+02, 1.632363e+02, 3.469515e+02 
265, 8.059651e+01, -8.995281e+01, 7.766989e+01, 1.776040e+02, 1.631047e+02, 3.469081e+02 
266, 8.117129e+01, -9.000000e+01, 7.886321e+01, 1.774588e+02, 1.629685e+02, 3.469161e+02 
267, 8.166722e+01, -8.992321e+01, 8.000503e+01, 1.773392e+02, 1.628503e+02, 3.469151e+02 
268, 8.222259e+01, -8.999423e+01, 8.083088e+01, 1.772187e+02, 1.627639e+02, 3.468749e+02 
269, 8.193149e+01, -8.846372e+01, 8.301304e+01, 1.772671e+02, 1.626239e+02, 3.469960e+02 
270, 8.155956e+01, -8.683034e+01, 8.510529e+01, 1.773372e+02, 1.624963e+02, 3.471036e+02 
271, 8.106534e+01, -8.501387e+01, 8.718109e+01, 1.774370e+02, 1.623766e+02, 3.472082e+02 
272, 8.229016e+01, -8.651004e+01, 8.593896e+01, 1.772410e+02, 1.624941e+02, 3.469419e+02 
273, 8.116002e+01, -8.357306e+01, 8.870164e+01, 1.774750e+02, 1.623611e+02, 3.471340e+02 
274, 8.166476e+01, -8.379014e+01, 8.830584e+01, 1.774325e+02, 1.624664e+02, 3.469769e+02 
275, 7.917318e+01, -7.837857e+01, 9.298086e+01, 1.779196e+02, 1.621769e+02, 3.473827e+02 
276, 7.802926e+01, -7.557083e+01, 9.501459e+01, 1.781834e+02, 1.620891e+02, 3.475015e+02 
277, 7.700943e+01, -7.304567e+01, 9.658958e+01, 1.784391e+02, 1.620469e+02, 3.475795e+02 
278, 7.607297e+01, -7.072873e+01, 9.778092e+01, 1.786950e+02, 1.620511e+02, 3.476272e+02 
279, 7.414583e+01, -6.657594e+01, 1.004314e+02, 1.791327e+02, 1.618497e+02, 3.478257e+02 
280, 7.524866e+01, -6.828141e+01, 9.763923e+01, 1.790774e+02, 1.624150e+02, 3.475021e+02 
281, 7.775006e+01, -7.286393e+01, 9.207818e+01, 1.787929e+02, 1.632562e+02, 3.468705e+02 
282, 7.705772e+01, -7.135034e+01, 9.187081e+01, 1.790673e+02, 1.635102e+02, 3.468163e+02 
283, 7.550559e+01, -6.821782e+01, 9.295364e+01, 1.795079e+02, 1.636446e+02, 3.469195e+02 
284, 7.485213e+01, -6.696384e+01, 9.218837e+01, 1.798085e+02, 1.639936e+02, 3.468269e+02 
285, 7.264939e+01, -6.267679e+01, 9.395195e+01, 1.804037e+02, 1.640592e+02, 3.470306e+02 
286, 7.074260e+01, -5.905473e+01, 9.494534e+01, 1.809708e+02, 1.642035e+02, 3.471581e+02 
287, 6.973921e+01, -5.736699e+01, 9.410425e+01, 1.813946e+02, 1.646115e+02, 3.470953e+02 
288, 6.943643e+01, -5.725567e+01, 9.177568e+01, 1.817027e+02, 1.652418e+02, 3.468699e+02 
289, 6.811657e+01, -5.514757e+01, 9.104146e+01, 1.822239e+02, 1.656680e+02, 3.468337e+02 
290, 6.779155e+01, -5.527640e+01, 8.827714e+01, 1.825649e+02, 1.663718e+02, 3.465544e+02 
291, 6.716579e+01, -5.491790e+01, 8.582303e+01, 1.829792e+02, 1.670342e+02, 3.463038e+02 
292, 6.689107e+01, -5.548673e+01, 8.247401e+01, 1.833309e+02, 1.677845e+02, 3.459149e+02 
293, 6.627938e+01, -5.548107e+01, 7.952010e+01, 1.837647e+02, 1.684830e+02, 3.455563e+02 
294, 6.540287e+01, -5.503457e+01, 7.685449e+01, 1.842697e+02, 1.691545e+02, 3.452190e+02 
295, 6.456109e+01, -5.481429e+01, 7.390924e+01, 1.847802e+02, 1.698430e+02, 3.448075e+02 
296, 6.354594e+01, -5.433710e+01, 7.110627e+01, 1.853460e+02, 1.705199e+02, 3.443876e+02 
297, 6.302983e+01, -5.519000e+01, 6.707410e+01, 1.857993e+02, 1.712403e+02, 3.436667e+02 
298, 6.302983e+01, -5.519000e+01, 6.707410e+01, 1.857993e+02, 1.712403e+02, 3.436667e+02 
299, 6.161199e+01, -5.403069e+01, 6.472318e+01, 1.864967e+02, 1.718927e+02, 3.432488e+02 
300, 6.049922e+01, -5.373122e+01, 6.156173e+01, 1.871328e+02, 1.725668e+02, 3.425874e+02 
301, 5.923115e+01, -5.317102e+01, 5.857348e+01, 1.878304e+02, 1.732333e+02, 3.418945e+02 
302, 5.881013e+01, -5.490642e+01, 5.350220e+01, 1.882918e+02, 1.738886e+02, 3.404230e+02 
303, 5.715810e+01, -5.360583e+01, 5.108206e+01, 1.891407e+02, 1.745395e+02, 3.396751e+02 
304, 5.617425e+01, -5.417767e+01, 4.695501e+01, 1.898004e+02, 1.751603e+02, 3.380931e+02 
305, 5.518231e+01, -5.488540e+01, 4.267193e+01, 1.904761e+02, 1.757554e+02, 3.360776e+02 
306, 5.372582e+01, -5.442186e+01, 3.944163e+01, 1.913359e+02, 1.763671e+02, 3.342608e+02 
307, 5.195590e+01, -5.312240e+01, 3.698216e+01, 1.923497e+02, 1.770029e+02, 3.326638e+02 
308, 5.065498e+01, -5.327468e+01, 3.323611e+01, 1.932200e+02, 1.775770e+02, 3.295992e+02 
309, 4.891510e+01, -5.215567e+01, 3.069746e+01, 1.943127e+02, 1.781972e+02, 3.270599e+02 
310, 4.701672e+01, -5.053469e+01, 2.867645e+01, 1.955360e+02, 1.788389e+02, 3.246726e+02 
311, 4.543775e+01, -4.993370e+01, 2.587081e+01, 1.966755e+02, 1.794244e+02, 3.204596e+02 
312, 4.363547e+01, -4.855944e+01, 2.387611e+01, 1.979913e+02, 1.800416e+02, 3.166958e+02 
313, 4.188654e+01, -4.728830e+01, 2.197130e+01, 1.993579e+02, 1.806415e+02, 3.121508e+02 
314, 4.011880e+01, -4.582544e+01, 2.042060e+01, 2.008165e+02, 1.812320e+02, 3.074686e+02 
315, 3.842601e+01, -4.446665e+01, 1.903296e+01, 2.023135e+02, 1.817855e+02, 3.020734e+02 
316, 3.678191e+01, -4.306544e+01, 1.793360e+01, 2.038539e+02, 1.822906e+02, 2.965370e+02 
317, 3.521360e+01, -4.166807e+01, 1.709080e+01, 2.054001e+02, 1.827164e+02, 2.910639e+02 
318, 3.364863e+01, -3.989024e+01, 1.660735e+01, 2.069622e+02, 1.830283e+02, 2.877247e+02 
319, 3.223254e+01, -3.827488e+01, 1.619860e+01, 2.083938e+02, 1.831558e+02, 2.848812e+02 
320, 3.101700e+01, -3.699942e+01, 1.580475e+01, 2.095871e+02, 1.830448e+02, 2.820811e+02 
321, 3.003488e+01, -3.617209e+01, 1.540814e+01, 2.104355e+02, 1.826545e+02, 2.791010e+02 
322, 2.929865e+01, -3.581109e+01, 1.501542e+01, 2.108539e+02, 1.819708e+02, 2.761019e+02 
323, 2.869365e+01, -3.524717e+01, 1.470061e+01, 2.109166e+02, 1.810237e+02, 2.768624e+02 
